# x1	x2
-11	9
-10.956	8.936
-10.9121	8.87226
-10.8683	8.80877
-10.8245	8.74553
-10.7809	8.68255
-10.7373	8.61982
-10.6938	8.55734
-10.6505	8.49511
-10.6072	8.43313
-10.5639	8.3714
-10.5208	8.30991
-10.4778	8.24867
-10.4348	8.18768
-10.3919	8.12693
-10.3492	8.06642
-10.3065	8.00615
-10.2638	7.94613
-10.2213	7.88634
-10.1789	7.8268
-10.1365	7.76749
-10.0942	7.70842
-10.0521	7.64959
-10.01	7.59099
-9.96794	7.53263
-9.926	7.4745
-9.88415	7.4166
-9.84238	7.35893
-9.80069	7.3015
-9.75909	7.24429
-9.71757	7.18731
-9.67614	7.13056
-9.63479	7.07404
-9.59352	7.01774
-9.55233	6.96167
-9.51123	6.90583
-9.4702	6.8502
-9.42926	6.7948
-9.3884	6.73962
-9.34763	6.68467
-9.30693	6.62993
-9.26632	6.57541
-9.22579	6.52111
-9.18533	6.46702
-9.14496	6.41315
-9.10467	6.3595
-9.06446	6.30606
-9.02434	6.25284
-8.98429	6.19983
-8.94432	6.14703
-8.90443	6.09444
-8.86462	6.04206
-8.82489	5.98989
-8.78524	5.93793
-8.74567	5.88618
-8.70618	5.83464
-8.66677	5.7833
-8.62743	5.73217
-8.58818	5.68124
-8.549	5.63051
-8.50991	5.57999
-8.47089	5.52967
-8.43194	5.47955
-8.39308	5.42963
-8.35429	5.37991
-8.31558	5.33039
-8.27695	5.28107
-8.2384	5.23195
-8.19992	5.18302
-8.16152	5.13429
-8.1232	5.08575
-8.08495	5.03741
-8.04678	4.98926
-8.00869	4.9413
-7.97067	4.89354
-7.93273	4.84596
-7.89487	4.79858
-7.85708	4.75138
-7.81936	4.70438
-7.78172	4.65756
-7.74416	4.61093
-7.70667	4.56449
-7.66926	4.51823
-7.63192	4.47216
-7.59466	4.42627
-7.55747	4.38056
-7.52035	4.33504
-7.48331	4.2897
-7.44634	4.24454
-7.40945	4.19956
-7.37263	4.15477
-7.33589	4.11015
-7.29922	4.06571
-7.26262	4.02144
-7.22609	3.97736
-7.18964	3.93345
-7.15326	3.88971
-7.11695	3.84616
-7.08072	3.80277
-7.04456	3.75956
-7.00847	3.71652
-6.97245	3.67366
-6.93651	3.63096
-6.90063	3.58844
-6.86483	3.54608
-6.8291	3.5039
-6.79345	3.46188
-6.75786	3.42004
-6.72234	3.37836
-6.6869	3.33684
-6.65152	3.29549
-6.61622	3.25431
-6.58099	3.2133
-6.54583	3.17244
-6.51074	3.13175
-6.47571	3.09123
-6.44076	3.05086
-6.40588	3.01066
-6.37107	2.97061
-6.33633	2.93073
-6.30165	2.89101
-6.26705	2.85144
-6.23252	2.81204
-6.19805	2.77279
-6.16366	2.7337
-6.12933	2.69476
-6.09507	2.65599
-6.06088	2.61736
-6.02676	2.57889
-5.9927	2.54058
-5.95872	2.50241
-5.9248	2.4644
-5.89095	2.42655
-5.85717	2.38884
-5.82346	2.35129
-5.78981	2.31388
-5.75623	2.27663
-5.72272	2.23952
-5.68927	2.20256
-5.65589	2.16575
-5.62258	2.12909
-5.58934	2.09257
-5.55616	2.0562
-5.52304	2.01998
-5.49	1.9839
-5.45702	1.94796
-5.4241	1.91217
-5.39126	1.87652
-5.35847	1.84101
-5.32576	1.80565
-5.29311	1.77043
-5.26052	1.73535
-5.228	1.7004
-5.19554	1.6656
-5.16315	1.63094
-5.13083	1.59642
-5.09856	1.56203
-5.06637	1.52778
-5.03423	1.49367
-5.00217	1.4597
-4.97016	1.42586
-4.93822	1.39215
-4.90634	1.35859
-4.87453	1.32515
-4.84278	1.29185
-4.8111	1.25868
-4.77947	1.22565
-4.74792	1.19275
-4.71642	1.15998
-4.68499	1.12734
-4.65362	1.09483
-4.62231	1.06245
-4.59107	1.0302
-4.55988	0.998076
-4.52876	0.966084
-4.49771	0.934219
-4.46671	0.902483
-4.43578	0.870873
-4.40491	0.839389
-4.3741	0.808032
-4.34335	0.776799
-4.31266	0.745692
-4.28204	0.714709
-4.25147	0.683851
-4.22097	0.653115
-4.19053	0.622503
-4.16015	0.592013
-4.12982	0.561645
-4.09957	0.531398
-4.06937	0.501273
-4.03923	0.471267
-4.00915	0.441382
-3.97913	0.411617
-3.94917	0.38197
-3.91927	0.352443
-3.88944	0.323033
-3.85966	0.293741
-3.82994	0.264566
-3.80028	0.235507
-3.77068	0.206565
-3.74114	0.177739
-3.71165	0.149028
-3.68223	0.120432
-3.65287	0.0919503
-3.62356	0.0635825
-3.59431	0.0353282
-3.56512	0.00718684
-3.53599	-0.0208419
-3.50692	-0.0487585
-3.47791	-0.0765635
-3.44895	-0.104257
-3.42005	-0.13184
-3.39121	-0.159313
-3.36243	-0.186676
-3.33371	-0.213929
-3.30504	-0.241073
-3.27643	-0.268109
-3.24788	-0.295036
-3.21938	-0.321856
-3.19094	-0.348569
-3.16256	-0.375175
-3.13423	-0.401674
-3.10597	-0.428067
-3.07775	-0.454355
-3.0496	-0.480538
-3.0215	-0.506615
-2.99346	-0.532589
-2.96547	-0.558459
-2.93754	-0.584225
-2.90966	-0.609888
-2.88184	-0.635448
-2.85408	-0.660906
-2.82637	-0.686263
-2.79872	-0.711518
-2.77112	-0.736672
-2.74358	-0.761725
-2.71609	-0.786678
-2.68866	-0.811531
-2.66128	-0.836285
-2.63396	-0.86094
-2.60669	-0.885496
-2.57948	-0.909954
-2.55232	-0.934315
-2.52522	-0.958577
-2.49817	-0.982743
-2.47117	-1.00681
-2.44423	-1.03078
-2.41734	-1.05466
-2.3905	-1.07844
-2.36372	-1.10213
-2.337	-1.12572
-2.31032	-1.14922
-2.2837	-1.17262
-2.25713	-1.19593
-2.23062	-1.21915
-2.20416	-1.24227
-2.17775	-1.2653
-2.15139	-1.28824
-2.12509	-1.31109
-2.09884	-1.33384
-2.07264	-1.35651
-2.0465	-1.37908
-2.02041	-1.40156
-1.99436	-1.42396
-1.96838	-1.44626
-1.94244	-1.46848
-1.91655	-1.4906
-1.89072	-1.51264
-1.86494	-1.53459
-1.83921	-1.55645
-1.81353	-1.57823
-1.7879	-1.59991
-1.76233	-1.62151
-1.7368	-1.64303
-1.71133	-1.66446
-1.68591	-1.6858
-1.66054	-1.70705
-1.63521	-1.72823
-1.60994	-1.74931
-1.58472	-1.77032
-1.55955	-1.79124
-1.53444	-1.81207
-1.50937	-1.83282
-1.48435	-1.85349
-1.45938	-1.87408
-1.43446	-1.89458
-1.40959	-1.915
-1.38477	-1.93534
-1.36	-1.9556
-1.33528	-1.97578
-1.31061	-1.99588
-1.28599	-2.01589
-1.26142	-2.03583
-1.2369	-2.05568
-1.21242	-2.07546
-1.188	-2.09516
-1.16362	-2.11478
-1.13929	-2.13432
-1.11502	-2.15378
-1.09079	-2.17317
-1.0666	-2.19248
-1.04247	-2.21171
-1.01839	-2.23086
-0.994349	-2.24994
-0.970361	-2.26894
-0.94642	-2.28786
-0.922527	-2.30671
-0.898682	-2.32548
-0.874885	-2.34418
-0.851135	-2.3628
-0.827433	-2.38135
-0.803778	-2.39983
-0.78017	-2.41823
-0.75661	-2.43655
-0.733097	-2.45481
-0.70963	-2.47299
-0.686211	-2.4911
-0.662839	-2.50913
-0.639513	-2.5271
-0.616234	-2.54499
-0.593002	-2.56281
-0.569816	-2.58056
-0.546676	-2.59823
-0.523583	-2.61584
-0.500535	-2.63338
-0.477534	-2.65084
-0.454579	-2.66824
-0.43167	-2.68557
-0.408807	-2.70283
-0.385989	-2.72001
-0.363217	-2.73713
-0.340491	-2.75419
-0.31781	-2.77117
-0.295174	-2.78808
-0.272584	-2.80493
-0.250039	-2.82171
-0.227539	-2.83843
-0.205083	-2.85507
-0.182673	-2.87165
-0.160308	-2.88816
-0.137987	-2.90461
-0.115711	-2.92099
-0.0934799	-2.93731
-0.0712929	-2.95356
-0.0491504	-2.96975
-0.0270521	-2.98587
-0.00499796	-3.00192
0.017012	-3.01792
0.038978	-3.03384
0.0609001	-3.04971
0.0827783	-3.06551
0.104613	-3.08125
0.126403	-3.09692
0.148151	-3.11254
0.169854	-3.12809
0.191515	-3.14357
0.213132	-3.159
0.234705	-3.17436
0.256236	-3.18967
0.277723	-3.20491
0.299168	-3.22009
0.32057	-3.23521
0.341929	-3.25027
0.363245	-3.26526
0.384518	-3.2802
0.405749	-3.29508
0.426938	-3.3099
0.448084	-3.32466
0.469188	-3.33936
0.490249	-3.35401
0.511269	-3.36859
0.532246	-3.38312
0.553182	-3.39758
0.574075	-3.41199
0.594927	-3.42635
0.615737	-3.44064
0.636506	-3.45488
0.657233	-3.46906
0.677918	-3.48318
0.698563	-3.49725
0.719165	-3.51126
0.739727	-3.52522
0.760248	-3.53911
0.780727	-3.55296
0.801166	-3.56675
0.821563	-3.58048
0.84192	-3.59416
0.862236	-3.60778
0.882512	-3.62135
0.902747	-3.63486
0.922941	-3.64832
0.943096	-3.66173
0.963209	-3.67508
0.983283	-3.68838
1.00332	-3.70163
1.02331	-3.71482
1.04326	-3.72796
1.06318	-3.74105
1.08305	-3.75409
1.10288	-3.76707
1.12268	-3.78
1.14243	-3.79288
1.16215	-3.80571
1.18182	-3.81849
1.20146	-3.83122
1.22106	-3.84389
1.24062	-3.85652
1.26013	-3.86909
1.27961	-3.88161
1.29905	-3.89409
1.31846	-3.90651
1.33782	-3.91888
1.35714	-3.93121
1.37643	-3.94348
1.39568	-3.95571
1.41489	-3.96789
1.43406	-3.98002
1.45319	-3.9921
1.47228	-4.00413
1.49134	-4.01611
1.51035	-4.02805
1.52933	-4.03993
1.54827	-4.05177
1.56718	-4.06357
1.58604	-4.07531
1.60487	-4.08701
1.62366	-4.09866
1.64241	-4.11027
1.66113	-4.12183
1.67981	-4.13334
1.69845	-4.14481
1.71705	-4.15623
1.73562	-4.1676
1.75415	-4.17893
1.77264	-4.19022
1.79109	-4.20146
1.80951	-4.21265
1.82789	-4.2238
1.84623	-4.2349
1.86454	-4.24596
1.88281	-4.25698
1.90105	-4.26795
1.91925	-4.27888
1.93741	-4.28977
1.95553	-4.30061
1.97362	-4.3114
1.99167	-4.32216
2.00969	-4.33287
2.02767	-4.34354
2.04562	-4.35416
2.06352	-4.36475
2.0814	-4.37529
2.09923	-4.38579
2.11704	-4.39624
2.1348	-4.40666
2.15253	-4.41703
2.17023	-4.42736
2.18789	-4.43765
2.20551	-4.4479
2.2231	-4.45811
2.24065	-4.46828
2.25817	-4.47841
2.27566	-4.48849
2.29311	-4.49854
2.31052	-4.50855
2.3279	-4.51851
2.34524	-4.52844
2.36255	-4.53832
2.37983	-4.54817
2.39707	-4.55798
2.41427	-4.56775
2.43144	-4.57747
2.44858	-4.58716
2.46568	-4.59682
2.48275	-4.60643
2.49979	-4.616
2.51679	-4.62554
2.53375	-4.63504
2.55069	-4.6445
2.56759	-4.65392
2.58445	-4.6633
2.60128	-4.67265
2.61808	-4.68196
2.63484	-4.69123
2.65157	-4.70047
2.66827	-4.70966
2.68493	-4.71883
2.70156	-4.72795
2.71816	-4.73704
2.73472	-4.74609
2.75125	-4.75511
2.76775	-4.76409
2.78422	-4.77303
2.80065	-4.78194
2.81705	-4.79081
2.83341	-4.79965
2.84975	-4.80845
2.86605	-4.81721
2.88231	-4.82595
2.89855	-4.83464
2.91475	-4.8433
2.93092	-4.85193
2.94706	-4.86052
2.96317	-4.86908
2.97924	-4.8776
2.99528	-4.88609
3.01129	-4.89455
3.02727	-4.90297
3.04321	-4.91136
3.05913	-4.91971
3.07501	-4.92803
3.09086	-4.93632
3.10668	-4.94458
3.12246	-4.9528
3.13822	-4.96099
3.15394	-4.96914
3.16964	-4.97727
3.1853	-4.98536
3.20093	-4.99342
3.21652	-5.00144
3.23209	-5.00944
3.24763	-5.0174
3.26313	-5.02533
3.2786	-5.03323
3.29405	-5.0411
3.30946	-5.04893
3.32484	-5.05674
3.34019	-5.06451
3.35551	-5.07225
3.3708	-5.07996
3.38606	-5.08764
3.40129	-5.09529
3.41648	-5.10291
3.43165	-5.1105
3.44679	-5.11806
3.46189	-5.12558
3.47697	-5.13308
3.49202	-5.14055
3.50703	-5.14799
3.52202	-5.15539
3.53697	-5.16277
3.5519	-5.17012
3.5668	-5.17744
3.58166	-5.18473
3.5965	-5.19199
3.61131	-5.19923
3.62608	-5.20643
3.64083	-5.2136
3.65555	-5.22075
3.67024	-5.22787
3.6849	-5.23495
3.69953	-5.24201
3.71413	-5.24905
3.7287	-5.25605
3.74324	-5.26303
3.75776	-5.26997
3.77224	-5.27689
3.7867	-5.28379
3.80112	-5.29065
3.81552	-5.29749
3.82989	-5.3043
3.84423	-5.31108
3.85854	-5.31784
3.87282	-5.32457
3.88708	-5.33127
3.90131	-5.33794
3.9155	-5.34459
3.92967	-5.35121
3.94381	-5.35781
3.95792	-5.36438
3.97201	-5.37092
3.98606	-5.37743
4.00009	-5.38392
4.01409	-5.39039
4.02806	-5.39683
4.04201	-5.40324
4.05592	-5.40963
4.06981	-5.41599
4.08367	-5.42232
4.09751	-5.42864
4.11131	-5.43492
4.12509	-5.44118
4.13884	-5.44742
4.15256	-5.45363
4.16625	-5.45981
4.17992	-5.46597
4.19356	-5.47211
4.20718	-5.47822
4.22076	-5.48431
4.23432	-5.49037
4.24785	-5.49641
4.26135	-5.50242
4.27483	-5.50841
4.28828	-5.51438
4.30171	-5.52032
4.3151	-5.52624
4.32847	-5.53214
4.34182	-5.53801
4.35513	-5.54386
4.36842	-5.54968
4.38168	-5.55548
4.39492	-5.56126
4.40813	-5.56701
4.42132	-5.57275
4.43447	-5.57846
4.4476	-5.58414
4.46071	-5.58981
4.47379	-5.59545
4.48684	-5.60106
4.49987	-5.60666
4.51287	-5.61223
4.52584	-5.61778
4.53879	-5.62331
4.55171	-5.62882
4.56461	-5.6343
4.57748	-5.63977
4.59032	-5.64521
4.60314	-5.65063
4.61594	-5.65603
4.6287	-5.6614
4.64145	-5.66676
4.65416	-5.67209
4.66686	-5.6774
4.67952	-5.68269
4.69216	-5.68796
4.70478	-5.69321
4.71737	-5.69844
4.72993	-5.70364
4.74247	-5.70883
4.75499	-5.71399
4.76748	-5.71914
4.77994	-5.72426
4.79238	-5.72936
4.8048	-5.73444
4.81719	-5.73951
4.82956	-5.74455
4.8419	-5.74957
4.85421	-5.75457
4.8665	-5.75955
4.87877	-5.76452
4.89101	-5.76946
4.90323	-5.77438
4.91543	-5.77928
4.9276	-5.78417
4.93974	-5.78903
4.95186	-5.79387
4.96396	-5.7987
4.97603	-5.8035
4.98808	-5.80829
5.0001	-5.81305
5.0121	-5.8178
5.02408	-5.82253
5.03603	-5.82724
5.04796	-5.83193
5.05986	-5.8366
5.07174	-5.84126
5.0836	-5.84589
5.09543	-5.85051
5.10724	-5.85511
5.11902	-5.85969
5.13079	-5.86425
5.14252	-5.86879
5.15424	-5.87332
5.16593	-5.87782
5.1776	-5.88231
5.18924	-5.88678
5.20087	-5.89124
5.21246	-5.89567
5.22404	-5.90009
5.23559	-5.90449
5.24712	-5.90887
5.25863	-5.91323
5.27011	-5.91758
5.28157	-5.92191
5.293	-5.92622
5.30442	-5.93052
5.31581	-5.9348
5.32718	-5.93906
5.33852	-5.9433
5.34985	-5.94753
5.36115	-5.95174
5.37242	-5.95593
5.38368	-5.96011
5.39491	-5.96427
5.40612	-5.96841
5.41731	-5.97254
5.42848	-5.97665
5.43962	-5.98074
5.45074	-5.98482
5.46184	-5.98888
5.47291	-5.99292
5.48397	-5.99695
5.495	-6.00096
5.50601	-6.00496
5.517	-6.00894
5.52796	-6.0129
5.53891	-6.01685
5.54983	-6.02078
5.56073	-6.0247
5.57161	-6.0286
5.58247	-6.03249
5.5933	-6.03636
5.60412	-6.04021
5.61491	-6.04405
5.62568	-6.04787
5.63643	-6.05168
5.64715	-6.05548
5.65786	-6.05925
5.66854	-6.06302
5.67921	-6.06677
5.68985	-6.0705
5.70047	-6.07422
5.71107	-6.07792
5.72164	-6.08161
5.7322	-6.08528
5.74274	-6.08894
5.75325	-6.09258
5.76375	-6.09621
5.77422	-6.09983
5.78467	-6.10343
5.7951	-6.10702
5.80551	-6.11059
5.8159	-6.11415
5.82627	-6.11769
5.83661	-6.12122
5.84694	-6.12473
5.85725	-6.12823
5.86753	-6.13172
5.8778	-6.13519
5.88804	-6.13865
5.89827	-6.1421
5.90847	-6.14553
5.91865	-6.14895
5.92882	-6.15235
5.93896	-6.15574
5.94908	-6.15912
5.95918	-6.16248
5.96926	-6.16583
5.97932	-6.16917
5.98937	-6.17249
5.99939	-6.1758
6.00939	-6.1791
6.01937	-6.18238
6.02933	-6.18566
6.03927	-6.18891
6.04919	-6.19216
6.0591	-6.19539
6.06898	-6.19861
6.07884	-6.20181
6.08868	-6.205
6.0985	-6.20818
6.10831	-6.21135
6.11809	-6.21451
6.12785	-6.21765
6.1376	-6.22078
6.14732	-6.22389
6.15703	-6.227
6.16671	-6.23009
6.17638	-6.23317
6.18603	-6.23624
6.19566	-6.23929
6.20527	-6.24234
6.21485	-6.24537
6.22442	-6.24839
6.23398	-6.25139
6.24351	-6.25439
6.25302	-6.25737
6.26251	-6.26034
6.27199	-6.2633
6.28145	-6.26624
6.29088	-6.26918
6.3003	-6.2721
6.3097	-6.27501
6.31908	-6.27791
6.32844	-6.2808
6.33779	-6.28368
6.34711	-6.28654
6.35642	-6.2894
6.3657	-6.29224
6.37497	-6.29507
6.38422	-6.29789
6.39345	-6.3007
6.40267	-6.3035
6.41186	-6.30628
6.42104	-6.30906
6.4302	-6.31182
6.43934	-6.31457
6.44846	-6.31732
6.45756	-6.32005
6.46664	-6.32277
6.47571	-6.32548
6.48476	-6.32817
6.49379	-6.33086
6.5028	-6.33354
6.5118	-6.3362
6.52077	-6.33886
6.52973	-6.3415
6.53867	-6.34414
6.5476	-6.34676
6.5565	-6.34937
6.56539	-6.35198
6.57426	-6.35457
6.58311	-6.35715
6.59194	-6.35972
6.60076	-6.36228
6.60956	-6.36483
6.61834	-6.36737
6.6271	-6.3699
6.63585	-6.37243
6.64457	-6.37494
6.65329	-6.37744
6.66198	-6.37993
6.67065	-6.38241
6.67931	-6.38488
6.68795	-6.38734
6.69658	-6.38979
6.70519	-6.39223
6.71378	-6.39466
6.72235	-6.39708
6.7309	-6.39949
6.73944	-6.40189
6.74796	-6.40429
6.75647	-6.40667
6.76495	-6.40904
6.77342	-6.41141
6.78188	-6.41376
6.79031	-6.41611
6.79873	-6.41844
6.80714	-6.42077
6.81552	-6.42309
6.82389	-6.42539
6.83224	-6.42769
6.84058	-6.42998
6.8489	-6.43226
6.8572	-6.43453
6.86548	-6.43679
6.87375	-6.43905
6.88201	-6.44129
6.89024	-6.44353
6.89846	-6.44575
6.90666	-6.44797
6.91485	-6.45018
6.92302	-6.45238
6.93118	-6.45457
6.93931	-6.45675
6.94743	-6.45892
6.95554	-6.46108
6.96363	-6.46324
6.9717	-6.46539
6.97976	-6.46753
6.9878	-6.46966
6.99582	-6.47178
7.00383	-6.47389
7.01182	-6.47599
7.0198	-6.47809
7.02776	-6.48018
7.0357	-6.48226
7.04363	-6.48433
7.05155	-6.48639
7.05944	-6.48845
7.06732	-6.49049
7.07519	-6.49253
7.08304	-6.49456
7.09087	-6.49658
7.09869	-6.4986
7.10649	-6.5006
7.11428	-6.5026
7.12205	-6.50459
7.12981	-6.50657
7.13755	-6.50854
7.14527	-6.51051
7.15298	-6.51247
7.16068	-6.51442
7.16836	-6.51636
7.17602	-6.51829
7.18367	-6.52022
7.1913	-6.52214
7.19892	-6.52405
7.20652	-6.52596
7.21411	-6.52785
7.22168	-6.52974
7.22923	-6.53162
7.23678	-6.53349
7.2443	-6.53536
7.25181	-6.53722
7.25931	-6.53907
7.26679	-6.54091
7.27426	-6.54275
7.28171	-6.54458
7.28915	-6.5464
7.29657	-6.54822
7.30397	-6.55002
7.31137	-6.55182
7.31874	-6.55362
7.32611	-6.5554
7.33345	-6.55718
7.34079	-6.55895
7.34811	-6.56071
7.35541	-6.56247
7.3627	-6.56422
7.36997	-6.56597
7.37723	-6.5677
7.38448	-6.56943
7.39171	-6.57115
7.39893	-6.57287
7.40613	-6.57458
7.41332	-6.57628
7.42049	-6.57797
7.42765	-6.57966
7.43479	-6.58134
7.44192	-6.58302
7.44904	-6.58469
7.45614	-6.58635
7.46323	-6.588
7.4703	-6.58965
7.47736	-6.59129
7.48441	-6.59293
7.49144	-6.59455
7.49846	-6.59618
7.50546	-6.59779
7.51245	-6.5994
7.51942	-6.601
7.52638	-6.6026
7.53333	-6.60419
7.54027	-6.60577
7.54718	-6.60735
7.55409	-6.60892
7.56098	-6.61048
7.56786	-6.61204
7.57472	-6.61359
7.58157	-6.61514
7.58841	-6.61668
7.59523	-6.61821
7.60204	-6.61974
7.60884	-6.62126
7.61562	-6.62277
7.62239	-6.62428
7.62915	-6.62579
7.63589	-6.62728
7.64262	-6.62877
7.64933	-6.63026
7.65603	-6.63174
7.66272	-6.63321
7.6694	-6.63468
7.67606	-6.63614
7.6827	-6.63759
7.68934	-6.63904
7.69596	-6.64049
7.70257	-6.64193
7.70916	-6.64336
7.71574	-6.64478
7.72231	-6.64621
7.72887	-6.64762
7.73541	-6.64903
7.74194	-6.65043
7.74846	-6.65183
7.75496	-6.65323
7.76145	-6.65461
7.76793	-6.65599
7.77439	-6.65737
7.78084	-6.65874
7.78728	-6.66011
7.79371	-6.66147
7.80012	-6.66282
7.80652	-6.66417
7.8129	-6.66551
7.81928	-6.66685
7.82564	-6.66818
7.83199	-6.66951
7.83833	-6.67083
7.84465	-6.67215
7.85096	-6.67346
7.85726	-6.67477
7.86354	-6.67607
7.86982	-6.67736
7.87608	-6.67865
7.88232	-6.67994
7.88856	-6.68122
7.89478	-6.68249
7.90099	-6.68376
7.90719	-6.68503
7.91338	-6.68629
7.91955	-6.68754
7.92571	-6.68879
7.93186	-6.69004
7.938	-6.69128
7.94412	-6.69251
7.95023	-6.69374
7.95633	-6.69497
7.96242	-6.69619
7.96849	-6.6974
7.97456	-6.69861
7.98061	-6.69982
7.98665	-6.70102
7.99267	-6.70222
7.99869	-6.70341
8.00469	-6.70459
8.01068	-6.70577
8.01666	-6.70695
8.02263	-6.70812
8.02858	-6.70929
8.03452	-6.71045
8.04045	-6.71161
8.04637	-6.71277
8.05228	-6.71391
8.05818	-6.71506
8.06406	-6.7162
8.06993	-6.71733
8.07579	-6.71846
8.08164	-6.71959
8.08748	-6.72071
8.0933	-6.72183
8.09912	-6.72294
8.10492	-6.72405
8.11071	-6.72515
8.11649	-6.72625
8.12225	-6.72735
8.12801	-6.72844
8.13375	-6.72953
8.13948	-6.73061
8.14521	-6.73168
8.15092	-6.73276
8.15661	-6.73383
8.1623	-6.73489
8.16798	-6.73595
8.17364	-6.73701
8.17929	-6.73806
8.18493	-6.73911
8.19056	-6.74015
8.19618	-6.74119
8.20179	-6.74223
8.20739	-6.74326
8.21297	-6.74428
8.21855	-6.74531
8.22411	-6.74633
8.22966	-6.74734
8.2352	-6.74835
8.24073	-6.74936
8.24625	-6.75036
8.25176	-6.75136
8.25725	-6.75235
8.26274	-6.75334
8.26821	-6.75433
8.27368	-6.75531
8.27913	-6.75629
8.28457	-6.75727
8.29	-6.75824
8.29542	-6.75921
8.30083	-6.76017
8.30623	-6.76113
8.31162	-6.76208
8.31699	-6.76303
8.32236	-6.76398
8.32772	-6.76493
8.33306	-6.76587
8.33839	-6.7668
8.34372	-6.76774
8.34903	-6.76867
8.35433	-6.76959
8.35962	-6.77051
8.3649	-6.77143
8.37017	-6.77234
8.37543	-6.77326
8.38068	-6.77416
8.38592	-6.77507
8.39115	-6.77597
8.39637	-6.77686
8.40157	-6.77775
8.40677	-6.77864
8.41196	-6.77953
8.41713	-6.78041
8.4223	-6.78129
8.42746	-6.78216
8.4326	-6.78303
8.43774	-6.7839
8.44286	-6.78477
8.44797	-6.78563
8.45308	-6.78649
8.45817	-6.78734
8.46326	-6.78819
8.46833	-6.78904
8.47339	-6.78988
8.47845	-6.79072
8.48349	-6.79156
8.48852	-6.79239
8.49354	-6.79322
8.49856	-6.79405
8.50356	-6.79487
8.50855	-6.79569
8.51354	-6.79651
8.51851	-6.79733
8.52347	-6.79814
8.52843	-6.79894
8.53337	-6.79975
8.5383	-6.80055
8.54322	-6.80135
8.54814	-6.80214
8.55304	-6.80293
8.55794	-6.80372
8.56282	-6.80451
8.56769	-6.80529
8.57256	-6.80607
8.57741	-6.80684
8.58226	-6.80762
8.58709	-6.80838
8.59192	-6.80915
8.59674	-6.80991
8.60154	-6.81068
8.60634	-6.81143
8.61113	-6.81219
8.61591	-6.81294
8.62067	-6.81369
8.62543	-6.81443
8.63018	-6.81517
8.63492	-6.81591
8.63965	-6.81665
8.64437	-6.81738
8.64908	-6.81811
8.65378	-6.81884
8.65848	-6.81957
8.66316	-6.82029
8.66783	-6.82101
8.6725	-6.82172
8.67715	-6.82244
8.6818	-6.82315
8.68644	-6.82385
8.69106	-6.82456
8.69568	-6.82526
8.70029	-6.82596
8.70489	-6.82665
8.70948	-6.82735
8.71406	-6.82804
8.71863	-6.82873
8.72319	-6.82941
8.72775	-6.83009
8.73229	-6.83077
8.73683	-6.83145
8.74135	-6.83212
8.74587	-6.8328
8.75038	-6.83346
8.75488	-6.83413
8.75937	-6.83479
8.76385	-6.83546
8.76832	-6.83611
8.77279	-6.83677
8.77724	-6.83742
8.78169	-6.83807
8.78612	-6.83872
8.79055	-6.83936
8.79497	-6.84001
8.79938	-6.84065
8.80378	-6.84128
8.80817	-6.84192
8.81256	-6.84255
8.81693	-6.84318
8.8213	-6.84381
8.82566	-6.84443
8.83	-6.84506
8.83434	-6.84568
8.83868	-6.84629
8.843	-6.84691
8.84731	-6.84752
8.85162	-6.84813
8.85591	-6.84874
8.8602	-6.84934
8.86448	-6.84995
8.86875	-6.85055
8.87302	-6.85114
8.87727	-6.85174
8.88151	-6.85233
8.88575	-6.85292
8.88998	-6.85351
8.8942	-6.8541
8.89841	-6.85468
8.90262	-6.85526
8.90681	-6.85584
8.911	-6.85642
8.91517	-6.85699
8.91934	-6.85756
8.92351	-6.85813
8.92766	-6.8587
8.9318	-6.85927
8.93594	-6.85983
8.94007	-6.86039
8.94419	-6.86095
8.9483	-6.8615
8.9524	-6.86206
8.9565	-6.86261
8.96058	-6.86316
8.96466	-6.86371
8.96873	-6.86425
8.9728	-6.8648
8.97685	-6.86534
8.9809	-6.86587
8.98494	-6.86641
8.98897	-6.86695
8.99299	-6.86748
8.997	-6.86801
9.00101	-6.86854
9.00501	-6.86906
9.009	-6.86959
9.01298	-6.87011
9.01695	-6.87063
9.02092	-6.87114
9.02488	-6.87166
9.02883	-6.87217
9.03277	-6.87268
9.0367	-6.87319
9.04063	-6.8737
9.04455	-6.87421
9.04846	-6.87471
9.05236	-6.87521
9.05626	-6.87571
9.06015	-6.87621
9.06402	-6.8767
9.0679	-6.87719
9.07176	-6.87769
9.07562	-6.87818
9.07947	-6.87866
9.08331	-6.87915
9.08714	-6.87963
9.09097	-6.88011
9.09478	-6.88059
9.09859	-6.88107
9.1024	-6.88155
9.10619	-6.88202
9.10998	-6.88249
9.11376	-6.88296
9.11753	-6.88343
9.1213	-6.8839
9.12506	-6.88436
9.12881	-6.88482
9.13255	-6.88528
9.13628	-6.88574
9.14001	-6.8862
9.14373	-6.88665
9.14744	-6.88711
9.15115	-6.88756
9.15485	-6.88801
9.15854	-6.88846
9.16222	-6.8889
9.16589	-6.88935
9.16956	-6.88979
9.17322	-6.89023
9.17688	-6.89067
9.18052	-6.89111
9.18416	-6.89154
9.18779	-6.89198
9.19142	-6.89241
9.19504	-6.89284
9.19865	-6.89327
9.20225	-6.8937
9.20584	-6.89412
9.20943	-6.89454
9.21301	-6.89497
9.21659	-6.89539
9.22015	-6.8958
9.22371	-6.89622
9.22727	-6.89664
9.23081	-6.89705
9.23435	-6.89746
9.23788	-6.89787
9.24141	-6.89828
9.24492	-6.89869
9.24843	-6.89909
9.25194	-6.8995
9.25543	-6.8999
9.25892	-6.9003
9.2624	-6.9007
9.26588	-6.90109
9.26935	-6.90149
9.27281	-6.90188
9.27626	-6.90228
9.27971	-6.90267
9.28315	-6.90306
9.28658	-6.90344
9.29001	-6.90383
9.29343	-6.90422
9.29684	-6.9046
9.30025	-6.90498
9.30365	-6.90536
9.30704	-6.90574
9.31043	-6.90612
9.31381	-6.90649
9.31718	-6.90687
9.32055	-6.90724
9.3239	-6.90761
9.32726	-6.90798
9.3306	-6.90835
9.33394	-6.90871
9.33727	-6.90908
9.3406	-6.90944
9.34392	-6.9098
9.34723	-6.91017
9.35053	-6.91052
9.35383	-6.91088
9.35713	-6.91124
9.36041	-6.91159
9.36369	-6.91195
9.36696	-6.9123
9.37023	-6.91265
9.37349	-6.913
9.37674	-6.91335
9.37999	-6.91369
9.38323	-6.91404
9.38646	-6.91438
9.38969	-6.91473
9.39291	-6.91507
9.39612	-6.91541
9.39933	-6.91575
9.40253	-6.91608
9.40573	-6.91642
9.40892	-6.91675
9.4121	-6.91709
9.41527	-6.91742
9.41844	-6.91775
9.42161	-6.91808
9.42476	-6.9184
9.42791	-6.91873
9.43106	-6.91906
9.4342	-6.91938
9.43733	-6.9197
9.44045	-6.92002
9.44357	-6.92034
9.44669	-6.92066
9.44979	-6.92098
9.45289	-6.92129
9.45599	-6.92161
9.45907	-6.92192
9.46216	-6.92224
9.46523	-6.92255
9.4683	-6.92286
9.47137	-6.92317
9.47442	-6.92347
9.47747	-6.92378
9.48052	-6.92408
9.48356	-6.92439
9.48659	-6.92469
9.48962	-6.92499
9.49264	-6.92529
9.49565	-6.92559
9.49866	-6.92589
9.50166	-6.92618
9.50466	-6.92648
9.50765	-6.92677
9.51064	-6.92707
9.51362	-6.92736
9.51659	-6.92765
9.51955	-6.92794
9.52252	-6.92823
9.52547	-6.92851
9.52842	-6.9288
9.53136	-6.92908
9.5343	-6.92937
9.53723	-6.92965
9.54016	-6.92993
9.54308	-6.93021
9.54599	-6.93049
9.5489	-6.93077
9.5518	-6.93105
9.5547	-6.93132
9.55759	-6.9316
9.56047	-6.93187
9.56335	-6.93214
9.56623	-6.93241
9.56909	-6.93268
9.57195	-6.93295
9.57481	-6.93322
9.57766	-6.93349
9.58051	-6.93375
9.58334	-6.93402
9.58618	-6.93428
9.58901	-6.93455
9.59183	-6.93481
9.59464	-6.93507
9.59745	-6.93533
9.60026	-6.93559
9.60306	-6.93585
9.60585	-6.9361
9.60864	-6.93636
9.61142	-6.93661
9.6142	-6.93687
9.61697	-6.93712
9.61974	-6.93737
9.6225	-6.93762
9.62525	-6.93787
9.628	-6.93812
9.63075	-6.93837
9.63349	-6.93861
9.63622	-6.93886
9.63895	-6.9391
9.64167	-6.93935
9.64439	-6.93959
9.6471	-6.93983
9.6498	-6.94007
9.6525	-6.94031
9.6552	-6.94055
9.65789	-6.94079
9.66057	-6.94102
9.66325	-6.94126
9.66592	-6.94149
9.66859	-6.94173
9.67126	-6.94196
9.67391	-6.94219
9.67656	-6.94243
9.67921	-6.94266
9.68185	-6.94289
9.68449	-6.94311
9.68712	-6.94334
9.68975	-6.94357
9.69237	-6.94379
9.69498	-6.94402
9.69759	-6.94424
9.7002	-6.94447
9.7028	-6.94469
9.70539	-6.94491
9.70798	-6.94513
9.71056	-6.94535
9.71314	-6.94557
9.71572	-6.94578
9.71829	-6.946
9.72085	-6.94622
9.72341	-6.94643
9.72596	-6.94665
9.72851	-6.94686
9.73105	-6.94707
9.73359	-6.94728
9.73612	-6.9475
9.73865	-6.94771
9.74117	-6.94791
9.74369	-6.94812
9.7462	-6.94833
9.74871	-6.94854
9.75121	-6.94874
9.75371	-6.94895
9.7562	-6.94915
9.75869	-6.94936
9.76117	-6.94956
9.76365	-6.94976
9.76612	-6.94996
9.76859	-6.95016
9.77105	-6.95036
9.77351	-6.95056
9.77597	-6.95076
9.77841	-6.95095
9.78086	-6.95115
9.78329	-6.95135
9.78573	-6.95154
9.78816	-6.95173
9.79058	-6.95193
9.793	-6.95212
9.79541	-6.95231
9.79782	-6.9525
9.80023	-6.95269
9.80263	-6.95288
9.80502	-6.95307
9.80741	-6.95326
9.8098	-6.95344
9.81218	-6.95363
9.81455	-6.95382
9.81692	-6.954
9.81929	-6.95418
9.82165	-6.95437
9.82401	-6.95455
9.82636	-6.95473
9.82871	-6.95491
9.83105	-6.95509
9.83339	-6.95527
9.83572	-6.95545
9.83805	-6.95563
9.84037	-6.95581
9.84269	-6.95598
9.84501	-6.95616
9.84732	-6.95634
9.84962	-6.95651
9.85192	-6.95668
9.85422	-6.95686
9.85651	-6.95703
9.8588	-6.9572
9.86108	-6.95737
9.86336	-6.95754
9.86563	-6.95771
9.8679	-6.95788
9.87016	-6.95805
9.87242	-6.95822
9.87468	-6.95839
9.87693	-6.95855
9.87918	-6.95872
9.88142	-6.95888
9.88365	-6.95905
9.88589	-6.95921
9.88812	-6.95937
9.89034	-6.95954
9.89256	-6.9597
9.89477	-6.95986
9.89698	-6.96002
9.89919	-6.96018
9.90139	-6.96034
9.90359	-6.9605
9.90578	-6.96066
9.90797	-6.96081
9.91015	-6.96097
9.91233	-6.96113
9.91451	-6.96128
9.91668	-6.96144
9.91885	-6.96159
9.92101	-6.96175
9.92317	-6.9619
9.92532	-6.96205
9.92747	-6.9622
9.92961	-6.96235
9.93176	-6.9625
9.93389	-6.96265
9.93602	-6.9628
9.93815	-6.96295
9.94028	-6.9631
9.9424	-6.96325
9.94451	-6.9634
9.94662	-6.96354
9.94873	-6.96369
9.95083	-6.96383
9.95293	-6.96398
9.95502	-6.96412
9.95711	-6.96427
9.9592	-6.96441
9.96128	-6.96455
9.96336	-6.96469
9.96543	-6.96483
9.9675	-6.96497
9.96957	-6.96511
9.97163	-6.96525
9.97368	-6.96539
9.97574	-6.96553
9.97778	-6.96567
9.97983	-6.96581
9.98187	-6.96594
9.98391	-6.96608
9.98594	-6.96622
9.98797	-6.96635
9.98999	-6.96648
9.99201	-6.96662
9.99403	-6.96675
9.99604	-6.96689
9.99805	-6.96702
10	-6.96715
10.002	-6.96728
10.004	-6.96741
10.006	-6.96754
10.008	-6.96767
10.01	-6.9678
10.012	-6.96793
10.014	-6.96806
10.0159	-6.96819
10.0179	-6.96831
10.0199	-6.96844
10.0218	-6.96857
10.0238	-6.96869
10.0257	-6.96882
10.0277	-6.96894
10.0296	-6.96907
10.0316	-6.96919
10.0335	-6.96931
10.0354	-6.96944
10.0374	-6.96956
10.0393	-6.96968
10.0412	-6.9698
10.0431	-6.96992
10.045	-6.97004
10.047	-6.97016
10.0489	-6.97028
10.0508	-6.9704
10.0527	-6.97052
10.0546	-6.97064
10.0565	-6.97075
10.0583	-6.97087
10.0602	-6.97099
10.0621	-6.9711
10.064	-6.97122
10.0658	-6.97133
10.0677	-6.97145
10.0696	-6.97156
10.0714	-6.97168
10.0733	-6.97179
10.0752	-6.9719
10.077	-6.97202
10.0788	-6.97213
10.0807	-6.97224
10.0825	-6.97235
10.0844	-6.97246
10.0862	-6.97257
10.088	-6.97268
10.0898	-6.97279
10.0917	-6.9729
10.0935	-6.97301
10.0953	-6.97312
10.0971	-6.97322
10.0989	-6.97333
10.1007	-6.97344
10.1025	-6.97354
10.1043	-6.97365
10.1061	-6.97375
10.1079	-6.97386
10.1097	-6.97396
10.1115	-6.97407
10.1132	-6.97417
10.115	-6.97427
10.1168	-6.97438
10.1185	-6.97448
10.1203	-6.97458
10.1221	-6.97468
10.1238	-6.97479
10.1256	-6.97489
10.1273	-6.97499
10.1291	-6.97509
10.1308	-6.97519
10.1325	-6.97529
10.1343	-6.97538
10.136	-6.97548
10.1377	-6.97558
10.1395	-6.97568
10.1412	-6.97578
10.1429	-6.97587
10.1446	-6.97597
10.1463	-6.97607
10.148	-6.97616
10.1497	-6.97626
10.1514	-6.97635
10.1531	-6.97645
10.1548	-6.97654
10.1565	-6.97663
10.1582	-6.97673
10.1599	-6.97682
10.1616	-6.97691
10.1632	-6.97701
10.1649	-6.9771
10.1666	-6.97719
10.1683	-6.97728
10.1699	-6.97737
10.1716	-6.97746
10.1732	-6.97755
10.1749	-6.97764
10.1765	-6.97773
10.1782	-6.97782
10.1798	-6.97791
10.1815	-6.978
10.1831	-6.97809
10.1847	-6.97817
10.1864	-6.97826
10.188	-6.97835
10.1896	-6.97843
10.1912	-6.97852
10.1929	-6.97861
10.1945	-6.97869
10.1961	-6.97878
10.1977	-6.97886
10.1993	-6.97895
10.2009	-6.97903
10.2025	-6.97911
10.2041	-6.9792
10.2057	-6.97928
10.2073	-6.97936
10.2089	-6.97945
10.2104	-6.97953
10.212	-6.97961
10.2136	-6.97969
10.2152	-6.97977
10.2167	-6.97985
10.2183	-6.97994
10.2199	-6.98002
10.2214	-6.9801
10.223	-6.98017
10.2245	-6.98025
10.2261	-6.98033
10.2276	-6.98041
10.2292	-6.98049
10.2307	-6.98057
10.2323	-6.98065
10.2338	-6.98072
10.2353	-6.9808
10.2369	-6.98088
10.2384	-6.98095
10.2399	-6.98103
10.2414	-6.98111
10.243	-6.98118
10.2445	-6.98126
10.246	-6.98133
10.2475	-6.98141
10.249	-6.98148
10.2505	-6.98155
10.252	-6.98163
10.2535	-6.9817
10.255	-6.98178
10.2565	-6.98185
10.258	-6.98192
10.2594	-6.98199
10.2609	-6.98207
10.2624	-6.98214
10.2639	-6.98221
10.2653	-6.98228
10.2668	-6.98235
10.2683	-6.98242
10.2697	-6.98249
10.2712	-6.98256
10.2727	-6.98263
10.2741	-6.9827
10.2756	-6.98277
10.277	-6.98284
10.2785	-6.98291
10.2799	-6.98298
10.2813	-6.98304
10.2828	-6.98311
10.2842	-6.98318
10.2857	-6.98325
10.2871	-6.98331
10.2885	-6.98338
10.2899	-6.98345
10.2914	-6.98351
10.2928	-6.98358
10.2942	-6.98364
10.2956	-6.98371
10.297	-6.98378
10.2984	-6.98384
10.2998	-6.9839
10.3012	-6.98397
10.3026	-6.98403
10.304	-6.9841
10.3054	-6.98416
10.3068	-6.98422
10.3082	-6.98429
10.3096	-6.98435
10.3109	-6.98441
10.3123	-6.98447
10.3137	-6.98454
10.3151	-6.9846
10.3164	-6.98466
10.3178	-6.98472
10.3192	-6.98478
10.3205	-6.98484
10.3219	-6.9849
10.3232	-6.98496
10.3246	-6.98502
10.3259	-6.98508
10.3273	-6.98514
10.3286	-6.9852
10.33	-6.98526
10.3313	-6.98532
10.3327	-6.98538
10.334	-6.98544
10.3353	-6.9855
10.3367	-6.98556
10.338	-6.98561
10.3393	-6.98567
10.3406	-6.98573
10.3419	-6.98579
10.3433	-6.98584
10.3446	-6.9859
10.3459	-6.98596
10.3472	-6.98601
10.3485	-6.98607
10.3498	-6.98612
10.3511	-6.98618
10.3524	-6.98623
10.3537	-6.98629
10.355	-6.98634
10.3563	-6.9864
10.3576	-6.98645
10.3589	-6.98651
10.3601	-6.98656
10.3614	-6.98661
10.3627	-6.98667
10.364	-6.98672
10.3652	-6.98677
10.3665	-6.98683
10.3678	-6.98688
10.369	-6.98693
10.3703	-6.98698
10.3716	-6.98704
10.3728	-6.98709
10.3741	-6.98714
10.3753	-6.98719
10.3766	-6.98724
10.3778	-6.98729
10.3791	-6.98735
10.3803	-6.9874
10.3815	-6.98745
10.3828	-6.9875
10.384	-6.98755
10.3852	-6.9876
10.3865	-6.98765
10.3877	-6.9877
10.3889	-6.98774
10.3902	-6.98779
10.3914	-6.98784
10.3926	-6.98789
10.3938	-6.98794
10.395	-6.98799
10.3962	-6.98804
10.3974	-6.98808
10.3986	-6.98813
10.3998	-6.98818
10.401	-6.98823
10.4022	-6.98827
10.4034	-6.98832
10.4046	-6.98837
10.4058	-6.98841
10.407	-6.98846
10.4082	-6.98851
10.4094	-6.98855
10.4106	-6.9886
10.4117	-6.98864
10.4129	-6.98869
10.4141	-6.98873
10.4153	-6.98878
10.4164	-6.98882
10.4176	-6.98887
10.4188	-6.98891
10.4199	-6.98896
10.4211	-6.989
10.4222	-6.98905
10.4234	-6.98909
10.4245	-6.98913
10.4257	-6.98918
10.4268	-6.98922
10.428	-6.98926
10.4291	-6.98931
10.4303	-6.98935
10.4314	-6.98939
10.4326	-6.98943
10.4337	-6.98948
10.4348	-6.98952
10.436	-6.98956
10.4371	-6.9896
10.4382	-6.98964
10.4393	-6.98968
10.4405	-6.98973
10.4416	-6.98977
10.4427	-6.98981
10.4438	-6.98985
10.4449	-6.98989
10.446	-6.98993
10.4471	-6.98997
10.4482	-6.99001
10.4493	-6.99005
10.4504	-6.99009
10.4515	-6.99013
10.4526	-6.99017
10.4537	-6.99021
10.4548	-6.99025
10.4559	-6.99029
10.457	-6.99033
10.4581	-6.99036
10.4592	-6.9904
10.4603	-6.99044
10.4613	-6.99048
10.4624	-6.99052
10.4635	-6.99056
10.4646	-6.99059
10.4656	-6.99063
10.4667	-6.99067
10.4678	-6.99071
10.4688	-6.99074
10.4699	-6.99078
10.471	-6.99082
10.472	-6.99085
10.4731	-6.99089
10.4741	-6.99093
10.4752	-6.99096
10.4762	-6.991
10.4773	-6.99103
10.4783	-6.99107
10.4794	-6.99111
10.4804	-6.99114
10.4814	-6.99118
10.4825	-6.99121
10.4835	-6.99125
10.4845	-6.99128
10.4856	-6.99132
10.4866	-6.99135
10.4876	-6.99139
10.4887	-6.99142
10.4897	-6.99146
10.4907	-6.99149
10.4917	-6.99152
10.4927	-6.99156
10.4938	-6.99159
10.4948	-6.99163
10.4958	-6.99166
10.4968	-6.99169
10.4978	-6.99173
10.4988	-6.99176
10.4998	-6.99179
10.5008	-6.99182
10.5018	-6.99186
10.5028	-6.99189
10.5038	-6.99192
10.5048	-6.99195
10.5058	-6.99199
10.5068	-6.99202
10.5077	-6.99205
10.5087	-6.99208
10.5097	-6.99211
10.5107	-6.99215
10.5117	-6.99218
10.5126	-6.99221
10.5136	-6.99224
10.5146	-6.99227
10.5156	-6.9923
10.5165	-6.99233
10.5175	-6.99236
10.5185	-6.99239
10.5194	-6.99242
10.5204	-6.99245
10.5214	-6.99248
10.5223	-6.99251
10.5233	-6.99254
10.5242	-6.99257
10.5252	-6.9926
10.5261	-6.99263
10.5271	-6.99266
10.528	-6.99269
10.529	-6.99272
10.5299	-6.99275
10.5308	-6.99278
10.5318	-6.99281
10.5327	-6.99284
10.5336	-6.99287
10.5346	-6.99289
10.5355	-6.99292
10.5364	-6.99295
10.5374	-6.99298
10.5383	-6.99301
10.5392	-6.99304
10.5401	-6.99306
10.5411	-6.99309
10.542	-6.99312
10.5429	-6.99315
10.5438	-6.99317
10.5447	-6.9932
10.5456	-6.99323
10.5465	-6.99326
10.5474	-6.99328
10.5483	-6.99331
10.5493	-6.99334
10.5502	-6.99336
10.5511	-6.99339
10.552	-6.99342
10.5528	-6.99344
10.5537	-6.99347
10.5546	-6.99349
10.5555	-6.99352
10.5564	-6.99355
10.5573	-6.99357
10.5582	-6.9936
10.5591	-6.99362
10.56	-6.99365
10.5608	-6.99367
10.5617	-6.9937
10.5626	-6.99372
10.5635	-6.99375
10.5643	-6.99377
10.5652	-6.9938
10.5661	-6.99382
10.5669	-6.99385
10.5678	-6.99387
10.5687	-6.9939
10.5695	-6.99392
10.5704	-6.99395
10.5713	-6.99397
10.5721	-6.994
10.573	-6.99402
10.5738	-6.99404
10.5747	-6.99407
10.5755	-6.99409
10.5764	-6.99411
10.5772	-6.99414
10.5781	-6.99416
10.5789	-6.99418
10.5798	-6.99421
10.5806	-6.99423
10.5814	-6.99425
10.5823	-6.99428
10.5831	-6.9943
10.5839	-6.99432
10.5848	-6.99435
10.5856	-6.99437
10.5864	-6.99439
10.5873	-6.99441
10.5881	-6.99444
10.5889	-6.99446
10.5897	-6.99448
10.5906	-6.9945
10.5914	-6.99452
10.5922	-6.99455
10.593	-6.99457
10.5938	-6.99459
10.5946	-6.99461
10.5954	-6.99463
10.5962	-6.99465
10.5971	-6.99468
10.5979	-6.9947
10.5987	-6.99472
10.5995	-6.99474
10.6003	-6.99476
10.6011	-6.99478
10.6019	-6.9948
10.6027	-6.99482
10.6035	-6.99484
10.6043	-6.99486
10.605	-6.99488
10.6058	-6.99491
10.6066	-6.99493
10.6074	-6.99495
10.6082	-6.99497
10.609	-6.99499
10.6098	-6.99501
10.6105	-6.99503
10.6113	-6.99505
10.6121	-6.99507
10.6129	-6.99509
10.6136	-6.99511
10.6144	-6.99512
10.6152	-6.99514
10.616	-6.99516
10.6167	-6.99518
10.6175	-6.9952
10.6183	-6.99522
10.619	-6.99524
10.6198	-6.99526
10.6205	-6.99528
10.6213	-6.9953
10.6221	-6.99532
10.6228	-6.99534
10.6236	-6.99535
10.6243	-6.99537
10.6251	-6.99539
10.6258	-6.99541
10.6266	-6.99543
10.6273	-6.99545
10.6281	-6.99546
10.6288	-6.99548
10.6296	-6.9955
10.6303	-6.99552
10.631	-6.99554
10.6318	-6.99555
10.6325	-6.99557
10.6332	-6.99559
10.634	-6.99561
10.6347	-6.99562
10.6354	-6.99564
10.6362	-6.99566
10.6369	-6.99568
10.6376	-6.99569
10.6383	-6.99571
10.6391	-6.99573
10.6398	-6.99575
10.6405	-6.99576
10.6412	-6.99578
10.6419	-6.9958
10.6427	-6.99581
10.6434	-6.99583
10.6441	-6.99585
10.6448	-6.99586
10.6455	-6.99588
10.6462	-6.9959
10.6469	-6.99591
10.6476	-6.99593
10.6483	-6.99595
10.649	-6.99596
10.6497	-6.99598
10.6504	-6.99599
10.6511	-6.99601
10.6518	-6.99603
10.6525	-6.99604
10.6532	-6.99606
10.6539	-6.99607
10.6546	-6.99609
10.6553	-6.99611
10.656	-6.99612
10.6567	-6.99614
10.6574	-6.99615
10.6581	-6.99617
10.6587	-6.99618
10.6594	-6.9962
10.6601	-6.99621
10.6608	-6.99623
10.6615	-6.99624
10.6621	-6.99626
10.6628	-6.99627
10.6635	-6.99629
10.6642	-6.9963
10.6648	-6.99632
10.6655	-6.99633
10.6662	-6.99635
10.6668	-6.99636
10.6675	-6.99638
10.6682	-6.99639
10.6688	-6.99641
10.6695	-6.99642
10.6702	-6.99643
10.6708	-6.99645
10.6715	-6.99646
10.6721	-6.99648
10.6728	-6.99649
10.6734	-6.9965
10.6741	-6.99652
10.6748	-6.99653
10.6754	-6.99655
10.6761	-6.99656
10.6767	-6.99657
10.6773	-6.99659
10.678	-6.9966
10.6786	-6.99661
10.6793	-6.99663
10.6799	-6.99664
10.6806	-6.99666
10.6812	-6.99667
10.6818	-6.99668
10.6825	-6.9967
10.6831	-6.99671
10.6837	-6.99672
10.6844	-6.99673
10.685	-6.99675
10.6856	-6.99676
10.6863	-6.99677
10.6869	-6.99679
10.6875	-6.9968
10.6881	-6.99681
10.6888	-6.99683
10.6894	-6.99684
10.69	-6.99685
10.6906	-6.99686
10.6913	-6.99688
10.6919	-6.99689
10.6925	-6.9969
10.6931	-6.99691
10.6937	-6.99693
10.6943	-6.99694
10.6949	-6.99695
10.6955	-6.99696
10.6962	-6.99697
10.6968	-6.99699
10.6974	-6.997
10.698	-6.99701
10.6986	-6.99702
10.6992	-6.99703
10.6998	-6.99705
10.7004	-6.99706
10.701	-6.99707
10.7016	-6.99708
10.7022	-6.99709
10.7028	-6.9971
10.7034	-6.99712
10.704	-6.99713
10.7046	-6.99714
10.7051	-6.99715
10.7057	-6.99716
10.7063	-6.99717
10.7069	-6.99718
10.7075	-6.9972
10.7081	-6.99721
10.7087	-6.99722
10.7092	-6.99723
10.7098	-6.99724
10.7104	-6.99725
10.711	-6.99726
10.7116	-6.99727
10.7121	-6.99728
10.7127	-6.9973
10.7133	-6.99731
10.7139	-6.99732
10.7144	-6.99733
10.715	-6.99734
10.7156	-6.99735
10.7162	-6.99736
10.7167	-6.99737
10.7173	-6.99738
10.7178	-6.99739
10.7184	-6.9974
10.719	-6.99741
10.7195	-6.99742
10.7201	-6.99743
10.7207	-6.99744
10.7212	-6.99745
10.7218	-6.99746
10.7223	-6.99747
10.7229	-6.99748
10.7234	-6.99749
10.724	-6.9975
10.7245	-6.99751
10.7251	-6.99752
10.7256	-6.99753
10.7262	-6.99754
10.7267	-6.99755
10.7273	-6.99756
10.7278	-6.99757
10.7284	-6.99758
10.7289	-6.99759
10.7295	-6.9976
10.73	-6.99761
10.7305	-6.99762
10.7311	-6.99763
10.7316	-6.99764
10.7322	-6.99765
10.7327	-6.99766
10.7332	-6.99767
10.7338	-6.99768
10.7343	-6.99769
10.7348	-6.9977
10.7354	-6.99771
10.7359	-6.99771
10.7364	-6.99772
10.7369	-6.99773
10.7375	-6.99774
10.738	-6.99775
10.7385	-6.99776
10.739	-6.99777
10.7396	-6.99778
10.7401	-6.99779
10.7406	-6.9978
10.7411	-6.9978
10.7416	-6.99781
10.7422	-6.99782
10.7427	-6.99783
10.7432	-6.99784
10.7437	-6.99785
10.7442	-6.99786
10.7447	-6.99786
10.7452	-6.99787
10.7457	-6.99788
10.7463	-6.99789
10.7468	-6.9979
10.7473	-6.99791
10.7478	-6.99792
10.7483	-6.99792
10.7488	-6.99793
10.7493	-6.99794
10.7498	-6.99795
10.7503	-6.99796
10.7508	-6.99797
10.7513	-6.99797
10.7518	-6.99798
10.7523	-6.99799
10.7528	-6.998
10.7533	-6.99801
10.7538	-6.99801
10.7543	-6.99802
10.7547	-6.99803
10.7552	-6.99804
10.7557	-6.99805
10.7562	-6.99805
10.7567	-6.99806
10.7572	-6.99807
10.7577	-6.99808
10.7582	-6.99808
10.7586	-6.99809
10.7591	-6.9981
10.7596	-6.99811
10.7601	-6.99811
10.7606	-6.99812
10.761	-6.99813
10.7615	-6.99814
10.762	-6.99814
10.7625	-6.99815
10.763	-6.99816
10.7634	-6.99817
10.7639	-6.99817
10.7644	-6.99818
10.7648	-6.99819
10.7653	-6.9982
10.7658	-6.9982
10.7663	-6.99821
10.7667	-6.99822
10.7672	-6.99822
10.7676	-6.99823
10.7681	-6.99824
10.7686	-6.99825
10.769	-6.99825
10.7695	-6.99826
10.77	-6.99827
10.7704	-6.99827
10.7709	-6.99828
10.7713	-6.99829
10.7718	-6.99829
10.7723	-6.9983
10.7727	-6.99831
10.7732	-6.99831
10.7736	-6.99832
10.7741	-6.99833
10.7745	-6.99833
10.775	-6.99834
10.7754	-6.99835
10.7759	-6.99835
10.7763	-6.99836
10.7768	-6.99837
10.7772	-6.99837
10.7777	-6.99838
10.7781	-6.99839
10.7785	-6.99839
10.779	-6.9984
10.7794	-6.99841
10.7799	-6.99841
10.7803	-6.99842
10.7808	-6.99843
10.7812	-6.99843
10.7816	-6.99844
10.7821	-6.99844
10.7825	-6.99845
10.7829	-6.99846
10.7834	-6.99846
10.7838	-6.99847
10.7842	-6.99848
10.7847	-6.99848
10.7851	-6.99849
10.7855	-6.99849
10.786	-6.9985
10.7864	-6.99851
10.7868	-6.99851
10.7872	-6.99852
10.7877	-6.99852
10.7881	-6.99853
10.7885	-6.99854
10.7889	-6.99854
10.7894	-6.99855
10.7898	-6.99855
10.7902	-6.99856
10.7906	-6.99856
10.791	-6.99857
10.7915	-6.99858
10.7919	-6.99858
10.7923	-6.99859
10.7927	-6.99859
10.7931	-6.9986
10.7935	-6.9986
10.7939	-6.99861
10.7944	-6.99862
10.7948	-6.99862
10.7952	-6.99863
10.7956	-6.99863
10.796	-6.99864
10.7964	-6.99864
10.7968	-6.99865
10.7972	-6.99865
10.7976	-6.99866
10.798	-6.99866
10.7984	-6.99867
10.7988	-6.99867
10.7992	-6.99868
10.7996	-6.99869
10.8	-6.99869
10.8004	-6.9987
10.8008	-6.9987
10.8012	-6.99871
10.8016	-6.99871
10.802	-6.99872
10.8024	-6.99872
10.8028	-6.99873
10.8032	-6.99873
10.8036	-6.99874
10.804	-6.99874
10.8044	-6.99875
10.8048	-6.99875
10.8052	-6.99876
10.8056	-6.99876
10.806	-6.99877
10.8063	-6.99877
10.8067	-6.99878
10.8071	-6.99878
10.8075	-6.99879
10.8079	-6.99879
10.8083	-6.9988
10.8087	-6.9988
10.809	-6.99881
10.8094	-6.99881
10.8098	-6.99882
10.8102	-6.99882
10.8106	-6.99882
10.8109	-6.99883
10.8113	-6.99883
10.8117	-6.99884
10.8121	-6.99884
10.8125	-6.99885
10.8128	-6.99885
10.8132	-6.99886
10.8136	-6.99886
10.8139	-6.99887
10.8143	-6.99887
10.8147	-6.99888
10.8151	-6.99888
10.8154	-6.99888
10.8158	-6.99889
10.8162	-6.99889
10.8165	-6.9989
10.8169	-6.9989
10.8173	-6.99891
10.8176	-6.99891
10.818	-6.99892
10.8184	-6.99892
10.8187	-6.99892
10.8191	-6.99893
10.8195	-6.99893
10.8198	-6.99894
10.8202	-6.99894
10.8205	-6.99895
10.8209	-6.99895
10.8213	-6.99895
10.8216	-6.99896
10.822	-6.99896
10.8223	-6.99897
10.8227	-6.99897
10.823	-6.99897
10.8234	-6.99898
10.8237	-6.99898
10.8241	-6.99899
10.8244	-6.99899
10.8248	-6.999
10.8251	-6.999
10.8255	-6.999
10.8258	-6.99901
10.8262	-6.99901
10.8265	-6.99901
10.8269	-6.99902
10.8272	-6.99902
10.8276	-6.99903
10.8279	-6.99903
10.8283	-6.99903
10.8286	-6.99904
10.829	-6.99904
10.8293	-6.99905
10.8296	-6.99905
10.83	-6.99905
10.8303	-6.99906
10.8307	-6.99906
10.831	-6.99906
10.8313	-6.99907
10.8317	-6.99907
10.832	-6.99908
10.8323	-6.99908
10.8327	-6.99908
10.833	-6.99909
10.8333	-6.99909
10.8337	-6.99909
10.834	-6.9991
10.8343	-6.9991
10.8347	-6.99911
10.835	-6.99911
10.8353	-6.99911
10.8357	-6.99912
10.836	-6.99912
10.8363	-6.99912
10.8367	-6.99913
10.837	-6.99913
10.8373	-6.99913
10.8376	-6.99914
10.838	-6.99914
10.8383	-6.99914
10.8386	-6.99915
10.8389	-6.99915
10.8392	-6.99915
10.8396	-6.99916
10.8399	-6.99916
10.8402	-6.99916
10.8405	-6.99917
10.8408	-6.99917
10.8412	-6.99917
10.8415	-6.99918
10.8418	-6.99918
10.8421	-6.99918
10.8424	-6.99919
10.8427	-6.99919
10.8431	-6.99919
10.8434	-6.9992
10.8437	-6.9992
10.844	-6.9992
10.8443	-6.99921
10.8446	-6.99921
10.8449	-6.99921
10.8452	-6.99922
10.8456	-6.99922
10.8459	-6.99922
10.8462	-6.99923
10.8465	-6.99923
10.8468	-6.99923
10.8471	-6.99923
10.8474	-6.99924
10.8477	-6.99924
10.848	-6.99924
10.8483	-6.99925
10.8486	-6.99925
10.8489	-6.99925
10.8492	-6.99926
10.8495	-6.99926
10.8498	-6.99926
10.8501	-6.99926
10.8504	-6.99927
10.8507	-6.99927
10.851	-6.99927
10.8513	-6.99928
10.8516	-6.99928
10.8519	-6.99928
10.8522	-6.99929
10.8525	-6.99929
10.8528	-6.99929
10.8531	-6.99929
10.8534	-6.9993
10.8537	-6.9993
10.854	-6.9993
10.8543	-6.9993
10.8546	-6.99931
10.8548	-6.99931
10.8551	-6.99931
10.8554	-6.99932
10.8557	-6.99932
10.856	-6.99932
10.8563	-6.99932
10.8566	-6.99933
10.8569	-6.99933
10.8572	-6.99933
10.8574	-6.99933
10.8577	-6.99934
10.858	-6.99934
10.8583	-6.99934
10.8586	-6.99935
10.8589	-6.99935
10.8591	-6.99935
10.8594	-6.99935
10.8597	-6.99936
10.86	-6.99936
10.8603	-6.99936
10.8605	-6.99936
10.8608	-6.99937
10.8611	-6.99937
10.8614	-6.99937
10.8617	-6.99937
10.8619	-6.99938
10.8622	-6.99938
10.8625	-6.99938
10.8628	-6.99938
10.863	-6.99939
10.8633	-6.99939
10.8636	-6.99939
10.8639	-6.99939
10.8641	-6.9994
10.8644	-6.9994
10.8647	-6.9994
10.8649	-6.9994
10.8652	-6.99941
10.8655	-6.99941
10.8658	-6.99941
10.866	-6.99941
10.8663	-6.99941
10.8666	-6.99942
10.8668	-6.99942
10.8671	-6.99942
10.8674	-6.99942
10.8676	-6.99943
10.8679	-6.99943
10.8681	-6.99943
10.8684	-6.99943
10.8687	-6.99944
10.8689	-6.99944
10.8692	-6.99944
10.8695	-6.99944
10.8697	-6.99944
10.87	-6.99945
10.8702	-6.99945
10.8705	-6.99945
10.8708	-6.99945
10.871	-6.99946
10.8713	-6.99946
10.8715	-6.99946
10.8718	-6.99946
10.872	-6.99946
10.8723	-6.99947
10.8726	-6.99947
10.8728	-6.99947
10.8731	-6.99947
10.8733	-6.99947
10.8736	-6.99948
10.8738	-6.99948
10.8741	-6.99948
10.8743	-6.99948
10.8746	-6.99949
10.8748	-6.99949
10.8751	-6.99949
10.8753	-6.99949
10.8756	-6.99949
10.8758	-6.9995
10.8761	-6.9995
10.8763	-6.9995
10.8766	-6.9995
10.8768	-6.9995
10.8771	-6.99951
10.8773	-6.99951
10.8776	-6.99951
10.8778	-6.99951
10.8781	-6.99951
10.8783	-6.99952
10.8785	-6.99952
10.8788	-6.99952
10.879	-6.99952
10.8793	-6.99952
10.8795	-6.99953
10.8797	-6.99953
10.88	-6.99953
10.8802	-6.99953
10.8805	-6.99953
10.8807	-6.99953
10.8809	-6.99954
10.8812	-6.99954
10.8814	-6.99954
10.8817	-6.99954
10.8819	-6.99954
10.8821	-6.99955
10.8824	-6.99955
10.8826	-6.99955
10.8828	-6.99955
10.8831	-6.99955
10.8833	-6.99955
10.8835	-6.99956
10.8838	-6.99956
10.884	-6.99956
10.8842	-6.99956
10.8845	-6.99956
10.8847	-6.99957
10.8849	-6.99957
10.8852	-6.99957
10.8854	-6.99957
10.8856	-6.99957
10.8858	-6.99957
10.8861	-6.99958
10.8863	-6.99958
10.8865	-6.99958
10.8868	-6.99958
10.887	-6.99958
10.8872	-6.99958
10.8874	-6.99959
10.8877	-6.99959
10.8879	-6.99959
10.8881	-6.99959
10.8883	-6.99959
10.8886	-6.99959
10.8888	-6.9996
10.889	-6.9996
10.8892	-6.9996
10.8894	-6.9996
10.8897	-6.9996
10.8899	-6.9996
10.8901	-6.99961
10.8903	-6.99961
10.8905	-6.99961
10.8908	-6.99961
10.891	-6.99961
10.8912	-6.99961
10.8914	-6.99961
10.8916	-6.99962
10.8919	-6.99962
10.8921	-6.99962
10.8923	-6.99962
10.8925	-6.99962
10.8927	-6.99962
10.8929	-6.99963
10.8931	-6.99963
10.8934	-6.99963
10.8936	-6.99963
10.8938	-6.99963
10.894	-6.99963
10.8942	-6.99963
10.8944	-6.99964
10.8946	-6.99964
10.8948	-6.99964
10.8951	-6.99964
10.8953	-6.99964
10.8955	-6.99964
10.8957	-6.99964
10.8959	-6.99965
10.8961	-6.99965
10.8963	-6.99965
10.8965	-6.99965
10.8967	-6.99965
10.8969	-6.99965
10.8971	-6.99965
10.8973	-6.99966
10.8975	-6.99966
10.8977	-6.99966
10.898	-6.99966
10.8982	-6.99966
10.8984	-6.99966
10.8986	-6.99966
10.8988	-6.99966
10.899	-6.99967
10.8992	-6.99967
10.8994	-6.99967
10.8996	-6.99967
10.8998	-6.99967
10.9	-6.99967
10.9002	-6.99967
10.9004	-6.99968
10.9006	-6.99968
10.9008	-6.99968
10.901	-6.99968
10.9012	-6.99968
10.9014	-6.99968
10.9016	-6.99968
10.9018	-6.99968
10.902	-6.99969
10.9022	-6.99969
10.9024	-6.99969
10.9025	-6.99969
10.9027	-6.99969
10.9029	-6.99969
10.9031	-6.99969
10.9033	-6.99969
10.9035	-6.9997
10.9037	-6.9997
10.9039	-6.9997
10.9041	-6.9997
10.9043	-6.9997
10.9045	-6.9997
10.9047	-6.9997
10.9049	-6.9997
10.905	-6.99971
10.9052	-6.99971
10.9054	-6.99971
10.9056	-6.99971
10.9058	-6.99971
10.906	-6.99971
10.9062	-6.99971
10.9064	-6.99971
10.9066	-6.99971
10.9067	-6.99972
10.9069	-6.99972
10.9071	-6.99972
10.9073	-6.99972
10.9075	-6.99972
10.9077	-6.99972
10.9079	-6.99972
10.908	-6.99972
10.9082	-6.99972
10.9084	-6.99973
10.9086	-6.99973
10.9088	-6.99973
10.909	-6.99973
10.9091	-6.99973
10.9093	-6.99973
10.9095	-6.99973
10.9097	-6.99973
10.9099	-6.99973
10.91	-6.99974
10.9102	-6.99974
10.9104	-6.99974
10.9106	-6.99974
10.9108	-6.99974
10.9109	-6.99974
10.9111	-6.99974
10.9113	-6.99974
10.9115	-6.99974
10.9117	-6.99974
10.9118	-6.99975
10.912	-6.99975
10.9122	-6.99975
10.9124	-6.99975
10.9125	-6.99975
10.9127	-6.99975
10.9129	-6.99975
10.9131	-6.99975
10.9132	-6.99975
10.9134	-6.99975
10.9136	-6.99976
10.9137	-6.99976
10.9139	-6.99976
10.9141	-6.99976
10.9143	-6.99976
10.9144	-6.99976
10.9146	-6.99976
10.9148	-6.99976
10.9149	-6.99976
10.9151	-6.99976
10.9153	-6.99977
10.9155	-6.99977
10.9156	-6.99977
10.9158	-6.99977
10.916	-6.99977
10.9161	-6.99977
10.9163	-6.99977
10.9165	-6.99977
10.9166	-6.99977
10.9168	-6.99977
10.917	-6.99977
10.9171	-6.99978
10.9173	-6.99978
10.9175	-6.99978
10.9176	-6.99978
10.9178	-6.99978
10.918	-6.99978
10.9181	-6.99978
10.9183	-6.99978
10.9185	-6.99978
10.9186	-6.99978
10.9188	-6.99978
10.9189	-6.99979
10.9191	-6.99979
10.9193	-6.99979
10.9194	-6.99979
10.9196	-6.99979
10.9197	-6.99979
10.9199	-6.99979
10.9201	-6.99979
10.9202	-6.99979
10.9204	-6.99979
10.9205	-6.99979
10.9207	-6.99979
10.9209	-6.9998
10.921	-6.9998
10.9212	-6.9998
10.9213	-6.9998
10.9215	-6.9998
10.9217	-6.9998
10.9218	-6.9998
10.922	-6.9998
10.9221	-6.9998
10.9223	-6.9998
10.9224	-6.9998
10.9226	-6.9998
10.9227	-6.9998
10.9229	-6.99981
10.9231	-6.99981
10.9232	-6.99981
10.9234	-6.99981
10.9235	-6.99981
10.9237	-6.99981
10.9238	-6.99981
10.924	-6.99981
10.9241	-6.99981
10.9243	-6.99981
10.9244	-6.99981
10.9246	-6.99981
10.9247	-6.99981
10.9249	-6.99982
10.925	-6.99982
10.9252	-6.99982
10.9253	-6.99982
10.9255	-6.99982
10.9256	-6.99982
10.9258	-6.99982
10.9259	-6.99982
10.9261	-6.99982
10.9262	-6.99982
10.9264	-6.99982
10.9265	-6.99982
10.9267	-6.99982
10.9268	-6.99982
10.927	-6.99983
10.9271	-6.99983
10.9272	-6.99983
10.9274	-6.99983
10.9275	-6.99983
10.9277	-6.99983
10.9278	-6.99983
10.928	-6.99983
10.9281	-6.99983
10.9283	-6.99983
10.9284	-6.99983
10.9285	-6.99983
10.9287	-6.99983
10.9288	-6.99983
10.929	-6.99984
10.9291	-6.99984
10.9293	-6.99984
10.9294	-6.99984
10.9295	-6.99984
10.9297	-6.99984
10.9298	-6.99984
10.93	-6.99984
10.9301	-6.99984
10.9302	-6.99984
10.9304	-6.99984
10.9305	-6.99984
10.9307	-6.99984
10.9308	-6.99984
10.9309	-6.99984
10.9311	-6.99984
10.9312	-6.99985
10.9313	-6.99985
10.9315	-6.99985
10.9316	-6.99985
10.9318	-6.99985
10.9319	-6.99985
10.932	-6.99985
10.9322	-6.99985
10.9323	-6.99985
10.9324	-6.99985
10.9326	-6.99985
10.9327	-6.99985
10.9328	-6.99985
10.933	-6.99985
10.9331	-6.99985
10.9332	-6.99985
10.9334	-6.99985
10.9335	-6.99986
10.9336	-6.99986
10.9338	-6.99986
10.9339	-6.99986
10.934	-6.99986
10.9342	-6.99986
10.9343	-6.99986
10.9344	-6.99986
10.9346	-6.99986
10.9347	-6.99986
10.9348	-6.99986
10.935	-6.99986
10.9351	-6.99986
10.9352	-6.99986
10.9354	-6.99986
10.9355	-6.99986
10.9356	-6.99986
10.9357	-6.99987
10.9359	-6.99987
10.936	-6.99987
10.9361	-6.99987
10.9363	-6.99987
10.9364	-6.99987
10.9365	-6.99987
10.9366	-6.99987
10.9368	-6.99987
10.9369	-6.99987
10.937	-6.99987
10.9371	-6.99987
10.9373	-6.99987
10.9374	-6.99987
10.9375	-6.99987
10.9376	-6.99987
10.9378	-6.99987
10.9379	-6.99987
10.938	-6.99987
10.9381	-6.99987
10.9383	-6.99988
10.9384	-6.99988
10.9385	-6.99988
10.9386	-6.99988
10.9388	-6.99988
10.9389	-6.99988
10.939	-6.99988
10.9391	-6.99988
10.9392	-6.99988
10.9394	-6.99988
10.9395	-6.99988
10.9396	-6.99988
10.9397	-6.99988
10.9398	-6.99988
10.94	-6.99988
10.9401	-6.99988
10.9402	-6.99988
10.9403	-6.99988
10.9404	-6.99988
10.9406	-6.99988
10.9407	-6.99989
10.9408	-6.99989
10.9409	-6.99989
10.941	-6.99989
10.9412	-6.99989
10.9413	-6.99989
10.9414	-6.99989
10.9415	-6.99989
10.9416	-6.99989
10.9417	-6.99989
10.9419	-6.99989
10.942	-6.99989
10.9421	-6.99989
10.9422	-6.99989
10.9423	-6.99989
10.9424	-6.99989
10.9426	-6.99989
10.9427	-6.99989
10.9428	-6.99989
10.9429	-6.99989
10.943	-6.99989
10.9431	-6.99989
10.9432	-6.99989
10.9434	-6.9999
10.9435	-6.9999
10.9436	-6.9999
10.9437	-6.9999
10.9438	-6.9999
10.9439	-6.9999
10.944	-6.9999
10.9441	-6.9999
10.9443	-6.9999
10.9444	-6.9999
10.9445	-6.9999
10.9446	-6.9999
10.9447	-6.9999
10.9448	-6.9999
10.9449	-6.9999
10.945	-6.9999
10.9451	-6.9999
10.9452	-6.9999
10.9454	-6.9999
10.9455	-6.9999
10.9456	-6.9999
10.9457	-6.9999
10.9458	-6.9999
10.9459	-6.9999
10.946	-6.9999
10.9461	-6.99991
10.9462	-6.99991
10.9463	-6.99991
10.9464	-6.99991
10.9465	-6.99991
10.9467	-6.99991
10.9468	-6.99991
10.9469	-6.99991
10.947	-6.99991
10.9471	-6.99991
10.9472	-6.99991
10.9473	-6.99991
10.9474	-6.99991
10.9475	-6.99991
10.9476	-6.99991
10.9477	-6.99991
10.9478	-6.99991
10.9479	-6.99991
10.948	-6.99991
10.9481	-6.99991
10.9482	-6.99991
10.9483	-6.99991
10.9484	-6.99991
10.9485	-6.99991
10.9486	-6.99991
10.9487	-6.99991
10.9489	-6.99991
10.949	-6.99991
10.9491	-6.99992
10.9492	-6.99992
10.9493	-6.99992
10.9494	-6.99992
10.9495	-6.99992
10.9496	-6.99992
10.9497	-6.99992
10.9498	-6.99992
10.9499	-6.99992
10.95	-6.99992
10.9501	-6.99992
10.9502	-6.99992
10.9503	-6.99992
10.9504	-6.99992
10.9505	-6.99992
10.9506	-6.99992
10.9507	-6.99992
10.9508	-6.99992
10.9509	-6.99992
10.951	-6.99992
10.9511	-6.99992
10.9512	-6.99992
10.9513	-6.99992
10.9513	-6.99992
10.9514	-6.99992
10.9515	-6.99992
10.9516	-6.99992
10.9517	-6.99992
10.9518	-6.99992
10.9519	-6.99992
10.952	-6.99992
10.9521	-6.99993
10.9522	-6.99993
10.9523	-6.99993
10.9524	-6.99993
10.9525	-6.99993
10.9526	-6.99993
10.9527	-6.99993
10.9528	-6.99993
10.9529	-6.99993
10.953	-6.99993
10.9531	-6.99993
10.9532	-6.99993
10.9533	-6.99993
10.9534	-6.99993
10.9534	-6.99993
10.9535	-6.99993
10.9536	-6.99993
10.9537	-6.99993
10.9538	-6.99993
10.9539	-6.99993
10.954	-6.99993
10.9541	-6.99993
10.9542	-6.99993
10.9543	-6.99993
10.9544	-6.99993
10.9545	-6.99993
10.9545	-6.99993
10.9546	-6.99993
10.9547	-6.99993
10.9548	-6.99993
10.9549	-6.99993
10.955	-6.99993
10.9551	-6.99993
10.9552	-6.99993
10.9553	-6.99993
10.9554	-6.99993
10.9555	-6.99994
10.9555	-6.99994
10.9556	-6.99994
10.9557	-6.99994
10.9558	-6.99994
10.9559	-6.99994
10.956	-6.99994
10.9561	-6.99994
10.9562	-6.99994
10.9562	-6.99994
10.9563	-6.99994
10.9564	-6.99994
10.9565	-6.99994
10.9566	-6.99994
10.9567	-6.99994
10.9568	-6.99994
10.9569	-6.99994
10.9569	-6.99994
10.957	-6.99994
10.9571	-6.99994
10.9572	-6.99994
10.9573	-6.99994
10.9574	-6.99994
10.9575	-6.99994
10.9575	-6.99994
10.9576	-6.99994
10.9577	-6.99994
10.9578	-6.99994
10.9579	-6.99994
10.958	-6.99994
10.958	-6.99994
10.9581	-6.99994
10.9582	-6.99994
10.9583	-6.99994
10.9584	-6.99994
10.9585	-6.99994
10.9585	-6.99994
10.9586	-6.99994
10.9587	-6.99994
10.9588	-6.99994
10.9589	-6.99994
10.959	-6.99995
10.959	-6.99995
10.9591	-6.99995
10.9592	-6.99995
10.9593	-6.99995
10.9594	-6.99995
10.9595	-6.99995
10.9595	-6.99995
10.9596	-6.99995
10.9597	-6.99995
10.9598	-6.99995
10.9599	-6.99995
10.9599	-6.99995
10.96	-6.99995
10.9601	-6.99995
10.9602	-6.99995
10.9603	-6.99995
10.9603	-6.99995
10.9604	-6.99995
10.9605	-6.99995
10.9606	-6.99995
10.9607	-6.99995
10.9607	-6.99995
10.9608	-6.99995
10.9609	-6.99995
10.961	-6.99995
10.961	-6.99995
10.9611	-6.99995
10.9612	-6.99995
10.9613	-6.99995
10.9614	-6.99995
10.9614	-6.99995
10.9615	-6.99995
10.9616	-6.99995
10.9617	-6.99995
10.9617	-6.99995
10.9618	-6.99995
10.9619	-6.99995
10.962	-6.99995
10.962	-6.99995
10.9621	-6.99995
10.9622	-6.99995
10.9623	-6.99995
10.9623	-6.99995
10.9624	-6.99995
10.9625	-6.99995
10.9626	-6.99995
10.9626	-6.99995
10.9627	-6.99995
10.9628	-6.99995
10.9629	-6.99996
10.9629	-6.99996
10.963	-6.99996
10.9631	-6.99996
10.9632	-6.99996
10.9632	-6.99996
10.9633	-6.99996
10.9634	-6.99996
10.9635	-6.99996
10.9635	-6.99996
10.9636	-6.99996
10.9637	-6.99996
10.9638	-6.99996
10.9638	-6.99996
10.9639	-6.99996
10.964	-6.99996
10.964	-6.99996
10.9641	-6.99996
10.9642	-6.99996
10.9643	-6.99996
10.9643	-6.99996
10.9644	-6.99996
10.9645	-6.99996
10.9645	-6.99996
10.9646	-6.99996
10.9647	-6.99996
10.9648	-6.99996
10.9648	-6.99996
10.9649	-6.99996
10.965	-6.99996
10.965	-6.99996
10.9651	-6.99996
10.9652	-6.99996
10.9652	-6.99996
10.9653	-6.99996
10.9654	-6.99996
10.9655	-6.99996
10.9655	-6.99996
10.9656	-6.99996
10.9657	-6.99996
10.9657	-6.99996
10.9658	-6.99996
10.9659	-6.99996
10.9659	-6.99996
10.966	-6.99996
10.9661	-6.99996
10.9661	-6.99996
10.9662	-6.99996
10.9663	-6.99996
10.9663	-6.99996
10.9664	-6.99996
10.9665	-6.99996
10.9665	-6.99996
10.9666	-6.99996
10.9667	-6.99996
10.9667	-6.99996
10.9668	-6.99996
10.9669	-6.99996
10.9669	-6.99996
10.967	-6.99996
10.9671	-6.99996
10.9671	-6.99996
10.9672	-6.99996
10.9673	-6.99997
10.9673	-6.99997
10.9674	-6.99997
10.9675	-6.99997
10.9675	-6.99997
10.9676	-6.99997
10.9677	-6.99997
10.9677	-6.99997
10.9678	-6.99997
10.9679	-6.99997
10.9679	-6.99997
10.968	-6.99997
10.968	-6.99997
10.9681	-6.99997
10.9682	-6.99997
10.9682	-6.99997
10.9683	-6.99997
10.9684	-6.99997
10.9684	-6.99997
10.9685	-6.99997
10.9686	-6.99997
10.9686	-6.99997
10.9687	-6.99997
10.9687	-6.99997
10.9688	-6.99997
10.9689	-6.99997
10.9689	-6.99997
10.969	-6.99997
10.9691	-6.99997
10.9691	-6.99997
10.9692	-6.99997
10.9692	-6.99997
10.9693	-6.99997
10.9694	-6.99997
10.9694	-6.99997
10.9695	-6.99997
10.9695	-6.99997
10.9696	-6.99997
10.9697	-6.99997
10.9697	-6.99997
10.9698	-6.99997
10.9698	-6.99997
10.9699	-6.99997
10.97	-6.99997
10.97	-6.99997
10.9701	-6.99997
10.9701	-6.99997
10.9702	-6.99997
10.9703	-6.99997
10.9703	-6.99997
10.9704	-6.99997
10.9704	-6.99997
10.9705	-6.99997
10.9706	-6.99997
10.9706	-6.99997
10.9707	-6.99997
10.9707	-6.99997
10.9708	-6.99997
10.9709	-6.99997
10.9709	-6.99997
10.971	-6.99997
10.971	-6.99997
10.9711	-6.99997
10.9711	-6.99997
10.9712	-6.99997
10.9713	-6.99997
10.9713	-6.99997
10.9714	-6.99997
10.9714	-6.99997
10.9715	-6.99997
10.9716	-6.99997
10.9716	-6.99997
10.9717	-6.99997
10.9717	-6.99997
10.9718	-6.99997
10.9718	-6.99997
10.9719	-6.99997
10.9719	-6.99997
10.972	-6.99997
10.9721	-6.99997
10.9721	-6.99997
10.9722	-6.99997
10.9722	-6.99997
10.9723	-6.99997
10.9723	-6.99998
10.9724	-6.99998
10.9724	-6.99998
10.9725	-6.99998
10.9726	-6.99998
10.9726	-6.99998
10.9727	-6.99998
10.9727	-6.99998
10.9728	-6.99998
10.9728	-6.99998
10.9729	-6.99998
10.9729	-6.99998
10.973	-6.99998
10.973	-6.99998
10.9731	-6.99998
10.9732	-6.99998
10.9732	-6.99998
10.9733	-6.99998
10.9733	-6.99998
10.9734	-6.99998
10.9734	-6.99998
10.9735	-6.99998
10.9735	-6.99998
10.9736	-6.99998
10.9736	-6.99998
10.9737	-6.99998
10.9737	-6.99998
10.9738	-6.99998
10.9738	-6.99998
10.9739	-6.99998
10.9739	-6.99998
10.974	-6.99998
10.9741	-6.99998
10.9741	-6.99998
10.9742	-6.99998
10.9742	-6.99998
10.9743	-6.99998
10.9743	-6.99998
10.9744	-6.99998
10.9744	-6.99998
10.9745	-6.99998
10.9745	-6.99998
10.9746	-6.99998
10.9746	-6.99998
10.9747	-6.99998
10.9747	-6.99998
10.9748	-6.99998
10.9748	-6.99998
10.9749	-6.99998
10.9749	-6.99998
10.975	-6.99998
10.975	-6.99998
10.9751	-6.99998
10.9751	-6.99998
10.9752	-6.99998
10.9752	-6.99998
10.9753	-6.99998
10.9753	-6.99998
10.9754	-6.99998
10.9754	-6.99998
10.9755	-6.99998
10.9755	-6.99998
10.9756	-6.99998
10.9756	-6.99998
10.9757	-6.99998
10.9757	-6.99998
10.9758	-6.99998
10.9758	-6.99998
10.9759	-6.99998
10.9759	-6.99998
10.976	-6.99998
10.976	-6.99998
10.976	-6.99998
10.9761	-6.99998
10.9761	-6.99998
10.9762	-6.99998
10.9762	-6.99998
10.9763	-6.99998
10.9763	-6.99998
10.9764	-6.99998
10.9764	-6.99998
10.9765	-6.99998
10.9765	-6.99998
10.9766	-6.99998
10.9766	-6.99998
10.9767	-6.99998
10.9767	-6.99998
10.9768	-6.99998
10.9768	-6.99998
10.9769	-6.99998
10.9769	-6.99998
10.9769	-6.99998
10.977	-6.99998
10.977	-6.99998
10.9771	-6.99998
10.9771	-6.99998
10.9772	-6.99998
10.9772	-6.99998
10.9773	-6.99998
10.9773	-6.99998
10.9774	-6.99998
10.9774	-6.99998
10.9774	-6.99998
10.9775	-6.99998
10.9775	-6.99998
10.9776	-6.99998
10.9776	-6.99998
10.9777	-6.99998
10.9777	-6.99998
10.9778	-6.99998
10.9778	-6.99998
10.9778	-6.99998
10.9779	-6.99998
10.9779	-6.99998
10.978	-6.99998
10.978	-6.99998
10.9781	-6.99998
10.9781	-6.99998
10.9782	-6.99998
10.9782	-6.99998
10.9782	-6.99998
10.9783	-6.99998
10.9783	-6.99998
10.9784	-6.99998
10.9784	-6.99998
10.9785	-6.99998
10.9785	-6.99998
10.9785	-6.99998
10.9786	-6.99999
10.9786	-6.99999
10.9787	-6.99999
10.9787	-6.99999
10.9788	-6.99999
10.9788	-6.99999
10.9788	-6.99999
10.9789	-6.99999
10.9789	-6.99999
10.979	-6.99999
10.979	-6.99999
10.9791	-6.99999
10.9791	-6.99999
10.9791	-6.99999
10.9792	-6.99999
10.9792	-6.99999
10.9793	-6.99999
10.9793	-6.99999
10.9793	-6.99999
10.9794	-6.99999
10.9794	-6.99999
10.9795	-6.99999
10.9795	-6.99999
10.9796	-6.99999
10.9796	-6.99999
10.9796	-6.99999
10.9797	-6.99999
10.9797	-6.99999
10.9798	-6.99999
10.9798	-6.99999
10.9798	-6.99999
10.9799	-6.99999
10.9799	-6.99999
10.98	-6.99999
10.98	-6.99999
10.98	-6.99999
10.9801	-6.99999
10.9801	-6.99999
10.9802	-6.99999
10.9802	-6.99999
10.9802	-6.99999
10.9803	-6.99999
10.9803	-6.99999
10.9804	-6.99999
10.9804	-6.99999
10.9804	-6.99999
10.9805	-6.99999
10.9805	-6.99999
10.9806	-6.99999
10.9806	-6.99999
10.9806	-6.99999
10.9807	-6.99999
10.9807	-6.99999
10.9807	-6.99999
10.9808	-6.99999
10.9808	-6.99999
10.9809	-6.99999
10.9809	-6.99999
10.9809	-6.99999
10.981	-6.99999
10.981	-6.99999
10.9811	-6.99999
10.9811	-6.99999
10.9811	-6.99999
10.9812	-6.99999
10.9812	-6.99999
10.9812	-6.99999
10.9813	-6.99999
10.9813	-6.99999
10.9814	-6.99999
10.9814	-6.99999
10.9814	-6.99999
10.9815	-6.99999
10.9815	-6.99999
10.9815	-6.99999
10.9816	-6.99999
10.9816	-6.99999
10.9816	-6.99999
10.9817	-6.99999
10.9817	-6.99999
10.9818	-6.99999
10.9818	-6.99999
10.9818	-6.99999
10.9819	-6.99999
10.9819	-6.99999
10.9819	-6.99999
10.982	-6.99999
10.982	-6.99999
10.982	-6.99999
10.9821	-6.99999
10.9821	-6.99999
10.9822	-6.99999
10.9822	-6.99999
10.9822	-6.99999
10.9823	-6.99999
10.9823	-6.99999
10.9823	-6.99999
10.9824	-6.99999
10.9824	-6.99999
10.9824	-6.99999
10.9825	-6.99999
10.9825	-6.99999
10.9825	-6.99999
10.9826	-6.99999
10.9826	-6.99999
10.9826	-6.99999
10.9827	-6.99999
10.9827	-6.99999
10.9828	-6.99999
10.9828	-6.99999
10.9828	-6.99999
10.9829	-6.99999
10.9829	-6.99999
10.9829	-6.99999
10.983	-6.99999
10.983	-6.99999
10.983	-6.99999
10.9831	-6.99999
10.9831	-6.99999
10.9831	-6.99999
10.9832	-6.99999
10.9832	-6.99999
10.9832	-6.99999
10.9833	-6.99999
10.9833	-6.99999
10.9833	-6.99999
10.9834	-6.99999
10.9834	-6.99999
10.9834	-6.99999
10.9835	-6.99999
10.9835	-6.99999
10.9835	-6.99999
10.9836	-6.99999
10.9836	-6.99999
10.9836	-6.99999
10.9837	-6.99999
10.9837	-6.99999
10.9837	-6.99999
10.9838	-6.99999
10.9838	-6.99999
10.9838	-6.99999
10.9839	-6.99999
10.9839	-6.99999
10.9839	-6.99999
10.984	-6.99999
10.984	-6.99999
10.984	-6.99999
10.984	-6.99999
10.9841	-6.99999
10.9841	-6.99999
10.9841	-6.99999
10.9842	-6.99999
10.9842	-6.99999
10.9842	-6.99999
10.9843	-6.99999
10.9843	-6.99999
10.9843	-6.99999
10.9844	-6.99999
10.9844	-6.99999
10.9844	-6.99999
10.9845	-6.99999
10.9845	-6.99999
10.9845	-6.99999
10.9846	-6.99999
10.9846	-6.99999
10.9846	-6.99999
10.9846	-6.99999
10.9847	-6.99999
10.9847	-6.99999
10.9847	-6.99999
10.9848	-6.99999
10.9848	-6.99999
10.9848	-6.99999
10.9849	-6.99999
10.9849	-6.99999
10.9849	-6.99999
10.9849	-6.99999
10.985	-6.99999
10.985	-6.99999
10.985	-6.99999
10.9851	-6.99999
10.9851	-6.99999
10.9851	-6.99999
10.9852	-6.99999
10.9852	-6.99999
10.9852	-6.99999
10.9852	-6.99999
10.9853	-6.99999
10.9853	-6.99999
10.9853	-6.99999
10.9854	-6.99999
10.9854	-6.99999
10.9854	-6.99999
10.9855	-6.99999
10.9855	-6.99999
10.9855	-6.99999
10.9855	-6.99999
10.9856	-6.99999
10.9856	-6.99999
10.9856	-6.99999
10.9857	-6.99999
10.9857	-6.99999
10.9857	-6.99999
10.9857	-6.99999
10.9858	-6.99999
10.9858	-6.99999
10.9858	-6.99999
10.9859	-6.99999
10.9859	-6.99999
10.9859	-6.99999
10.9859	-6.99999
10.986	-6.99999
10.986	-6.99999
10.986	-6.99999
10.9861	-6.99999
10.9861	-6.99999
10.9861	-6.99999
10.9861	-6.99999
10.9862	-6.99999
10.9862	-6.99999
10.9862	-6.99999
10.9862	-6.99999
10.9863	-6.99999
10.9863	-6.99999
10.9863	-6.99999
10.9864	-6.99999
10.9864	-6.99999
10.9864	-6.99999
10.9864	-6.99999
10.9865	-6.99999
10.9865	-6.99999
10.9865	-6.99999
10.9865	-6.99999
10.9866	-6.99999
10.9866	-6.99999
10.9866	-6.99999
10.9867	-6.99999
10.9867	-6.99999
10.9867	-6.99999
10.9867	-6.99999
10.9868	-6.99999
10.9868	-6.99999
10.9868	-6.99999
10.9868	-6.99999
10.9869	-6.99999
10.9869	-6.99999
10.9869	-6.99999
10.9869	-6.99999
10.987	-6.99999
10.987	-6.99999
10.987	-6.99999
10.987	-6.99999
10.9871	-6.99999
10.9871	-6.99999
10.9871	-6.99999
10.9871	-6.99999
10.9872	-6.99999
10.9872	-6.99999
10.9872	-6.99999
10.9873	-6.99999
10.9873	-6.99999
10.9873	-6.99999
10.9873	-6.99999
10.9874	-6.99999
10.9874	-6.99999
10.9874	-6.99999
10.9874	-6.99999
10.9875	-6.99999
10.9875	-6.99999
10.9875	-6.99999
10.9875	-6.99999
10.9876	-6.99999
10.9876	-6.99999
10.9876	-6.99999
10.9876	-7
10.9877	-7
10.9877	-7
10.9877	-7
10.9877	-7
10.9878	-7
10.9878	-7
10.9878	-7
10.9878	-7
10.9879	-7
10.9879	-7
10.9879	-7
10.9879	-7
10.9879	-7
10.988	-7
10.988	-7
10.988	-7
10.988	-7
10.9881	-7
10.9881	-7
10.9881	-7
10.9881	-7
10.9882	-7
10.9882	-7
10.9882	-7
10.9882	-7
10.9883	-7
10.9883	-7
10.9883	-7
10.9883	-7
10.9884	-7
10.9884	-7
10.9884	-7
10.9884	-7
10.9884	-7
10.9885	-7
10.9885	-7
10.9885	-7
10.9885	-7
10.9886	-7
10.9886	-7
10.9886	-7
10.9886	-7
10.9886	-7
10.9887	-7
10.9887	-7
10.9887	-7
10.9887	-7
10.9888	-7
10.9888	-7
10.9888	-7
10.9888	-7
10.9889	-7
10.9889	-7
10.9889	-7
10.9889	-7
10.9889	-7
10.989	-7
10.989	-7
10.989	-7
10.989	-7
10.9891	-7
10.9891	-7
10.9891	-7
10.9891	-7
10.9891	-7
10.9892	-7
10.9892	-7
10.9892	-7
10.9892	-7
10.9892	-7
10.9893	-7
10.9893	-7
10.9893	-7
10.9893	-7
10.9894	-7
10.9894	-7
10.9894	-7
10.9894	-7
10.9894	-7
10.9895	-7
10.9895	-7
10.9895	-7
10.9895	-7
10.9895	-7
10.9896	-7
10.9896	-7
10.9896	-7
10.9896	-7
10.9896	-7
10.9897	-7
10.9897	-7
10.9897	-7
10.9897	-7
10.9898	-7
10.9898	-7
10.9898	-7
10.9898	-7
10.9898	-7
10.9899	-7
10.9899	-7
10.9899	-7
10.9899	-7
10.9899	-7
10.99	-7
10.99	-7
10.99	-7
10.99	-7
10.99	-7
10.9901	-7
10.9901	-7
10.9901	-7
10.9901	-7
10.9901	-7
10.9902	-7
10.9902	-7
10.9902	-7
10.9902	-7
10.9902	-7
10.9903	-7
10.9903	-7
10.9903	-7
10.9903	-7
10.9903	-7
10.9903	-7
10.9904	-7
10.9904	-7
10.9904	-7
10.9904	-7
10.9904	-7
10.9905	-7
10.9905	-7
10.9905	-7
10.9905	-7
10.9905	-7
10.9906	-7
10.9906	-7
10.9906	-7
10.9906	-7
10.9906	-7
10.9907	-7
10.9907	-7
10.9907	-7
10.9907	-7
10.9907	-7
10.9907	-7
10.9908	-7
10.9908	-7
10.9908	-7
10.9908	-7
10.9908	-7
10.9909	-7
10.9909	-7
10.9909	-7
10.9909	-7
10.9909	-7
10.9909	-7
10.991	-7
10.991	-7
10.991	-7
10.991	-7
10.991	-7
10.9911	-7
10.9911	-7
10.9911	-7
10.9911	-7
10.9911	-7
10.9911	-7
10.9912	-7
10.9912	-7
10.9912	-7
10.9912	-7
10.9912	-7
10.9913	-7
10.9913	-7
10.9913	-7
10.9913	-7
10.9913	-7
10.9913	-7
10.9914	-7
10.9914	-7
10.9914	-7
10.9914	-7
10.9914	-7
10.9914	-7
10.9915	-7
10.9915	-7
10.9915	-7
10.9915	-7
10.9915	-7
10.9915	-7
10.9916	-7
10.9916	-7
10.9916	-7
10.9916	-7
10.9916	-7
10.9916	-7
10.9917	-7
10.9917	-7
10.9917	-7
10.9917	-7
10.9917	-7
10.9917	-7
10.9918	-7
10.9918	-7
10.9918	-7
10.9918	-7
10.9918	-7
10.9918	-7
10.9919	-7
10.9919	-7
10.9919	-7
10.9919	-7
10.9919	-7
10.9919	-7
10.992	-7
10.992	-7
10.992	-7
10.992	-7
10.992	-7
10.992	-7
10.9921	-7
10.9921	-7
10.9921	-7
10.9921	-7
10.9921	-7
10.9921	-7
10.9921	-7
10.9922	-7
10.9922	-7
10.9922	-7
10.9922	-7
10.9922	-7
10.9922	-7
10.9923	-7
10.9923	-7
10.9923	-7
10.9923	-7
10.9923	-7
10.9923	-7
10.9923	-7
10.9924	-7
10.9924	-7
10.9924	-7
10.9924	-7
10.9924	-7
10.9924	-7
10.9925	-7
10.9925	-7
10.9925	-7
10.9925	-7
10.9925	-7
10.9925	-7
10.9925	-7
10.9926	-7
10.9926	-7
10.9926	-7
10.9926	-7
10.9926	-7
10.9926	-7
10.9926	-7
10.9927	-7
10.9927	-7
10.9927	-7
10.9927	-7
10.9927	-7
10.9927	-7
10.9928	-7
10.9928	-7
10.9928	-7
10.9928	-7
10.9928	-7
10.9928	-7
10.9928	-7
10.9929	-7
10.9929	-7
10.9929	-7
10.9929	-7
10.9929	-7
10.9929	-7
10.9929	-7
10.993	-7
10.993	-7
10.993	-7
10.993	-7
10.993	-7
10.993	-7
10.993	-7
10.9931	-7
10.9931	-7
10.9931	-7
10.9931	-7
10.9931	-7
10.9931	-7
10.9931	-7
10.9931	-7
10.9932	-7
10.9932	-7
10.9932	-7
10.9932	-7
10.9932	-7
10.9932	-7
10.9932	-7
10.9933	-7
10.9933	-7
10.9933	-7
10.9933	-7
10.9933	-7
10.9933	-7
10.9933	-7
10.9933	-7
10.9934	-7
10.9934	-7
10.9934	-7
10.9934	-7
10.9934	-7
10.9934	-7
10.9934	-7
10.9935	-7
10.9935	-7
10.9935	-7
10.9935	-7
10.9935	-7
10.9935	-7
10.9935	-7
10.9935	-7
10.9936	-7
10.9936	-7
10.9936	-7
10.9936	-7
10.9936	-7
10.9936	-7
10.9936	-7
10.9936	-7
10.9937	-7
10.9937	-7
10.9937	-7
10.9937	-7
10.9937	-7
10.9937	-7
10.9937	-7
10.9937	-7
10.9938	-7
10.9938	-7
10.9938	-7
10.9938	-7
10.9938	-7
10.9938	-7
10.9938	-7
10.9938	-7
10.9939	-7
10.9939	-7
10.9939	-7
10.9939	-7
10.9939	-7
10.9939	-7
10.9939	-7
10.9939	-7
10.994	-7
10.994	-7
10.994	-7
10.994	-7
10.994	-7
10.994	-7
10.994	-7
10.994	-7
10.9941	-7
10.9941	-7
10.9941	-7
10.9941	-7
10.9941	-7
10.9941	-7
10.9941	-7
10.9941	-7
10.9941	-7
10.9942	-7
10.9942	-7
10.9942	-7
10.9942	-7
10.9942	-7
10.9942	-7
10.9942	-7
10.9942	-7
10.9943	-7
10.9943	-7
10.9943	-7
10.9943	-7
10.9943	-7
10.9943	-7
10.9943	-7
10.9943	-7
10.9943	-7
10.9944	-7
10.9944	-7
10.9944	-7
10.9944	-7
10.9944	-7
10.9944	-7
10.9944	-7
10.9944	-7
10.9944	-7
10.9945	-7
10.9945	-7
10.9945	-7
10.9945	-7
10.9945	-7
10.9945	-7
10.9945	-7
10.9945	-7
10.9945	-7
10.9946	-7
10.9946	-7
10.9946	-7
10.9946	-7
10.9946	-7
10.9946	-7
10.9946	-7
10.9946	-7
10.9946	-7
10.9947	-7
10.9947	-7
10.9947	-7
10.9947	-7
10.9947	-7
10.9947	-7
10.9947	-7
10.9947	-7
10.9947	-7
10.9947	-7
10.9948	-7
10.9948	-7
10.9948	-7
10.9948	-7
10.9948	-7
10.9948	-7
10.9948	-7
10.9948	-7
10.9948	-7
10.9949	-7
10.9949	-7
10.9949	-7
10.9949	-7
10.9949	-7
10.9949	-7
10.9949	-7
10.9949	-7
10.9949	-7
10.9949	-7
10.995	-7
10.995	-7
10.995	-7
10.995	-7
10.995	-7
10.995	-7
10.995	-7
10.995	-7
10.995	-7
10.995	-7
10.9951	-7
10.9951	-7
10.9951	-7
10.9951	-7
10.9951	-7
10.9951	-7
10.9951	-7
10.9951	-7
10.9951	-7
10.9951	-7
10.9952	-7
10.9952	-7
10.9952	-7
10.9952	-7
10.9952	-7
10.9952	-7
10.9952	-7
10.9952	-7
10.9952	-7
10.9952	-7
10.9952	-7
10.9953	-7
10.9953	-7
10.9953	-7
10.9953	-7
10.9953	-7
10.9953	-7
10.9953	-7
10.9953	-7
10.9953	-7
10.9953	-7
10.9954	-7
10.9954	-7
10.9954	-7
10.9954	-7
10.9954	-7
10.9954	-7
10.9954	-7
10.9954	-7
10.9954	-7
10.9954	-7
10.9954	-7
10.9955	-7
10.9955	-7
10.9955	-7
10.9955	-7
10.9955	-7
10.9955	-7
10.9955	-7
10.9955	-7
10.9955	-7
10.9955	-7
10.9955	-7
10.9956	-7
10.9956	-7
10.9956	-7
10.9956	-7
10.9956	-7
10.9956	-7
10.9956	-7
10.9956	-7
10.9956	-7
10.9956	-7
10.9956	-7
10.9956	-7
10.9957	-7
10.9957	-7
10.9957	-7
10.9957	-7
10.9957	-7
10.9957	-7
10.9957	-7
10.9957	-7
10.9957	-7
10.9957	-7
10.9957	-7
10.9958	-7
10.9958	-7
10.9958	-7
10.9958	-7
10.9958	-7
10.9958	-7
10.9958	-7
10.9958	-7
10.9958	-7
10.9958	-7
10.9958	-7
10.9958	-7
10.9959	-7
10.9959	-7
10.9959	-7
10.9959	-7
10.9959	-7
10.9959	-7
10.9959	-7
10.9959	-7
10.9959	-7
10.9959	-7
10.9959	-7
10.9959	-7
10.996	-7
10.996	-7
10.996	-7
10.996	-7
10.996	-7
10.996	-7
10.996	-7
10.996	-7
10.996	-7
10.996	-7
10.996	-7
10.996	-7
10.996	-7
10.9961	-7
10.9961	-7
10.9961	-7
10.9961	-7
10.9961	-7
10.9961	-7
10.9961	-7
10.9961	-7
10.9961	-7
10.9961	-7
10.9961	-7
10.9961	-7
10.9961	-7
10.9962	-7
10.9962	-7
10.9962	-7
10.9962	-7
10.9962	-7
10.9962	-7
10.9962	-7
10.9962	-7
10.9962	-7
10.9962	-7
10.9962	-7
10.9962	-7
10.9962	-7
10.9963	-7
10.9963	-7
10.9963	-7
10.9963	-7
10.9963	-7
10.9963	-7
10.9963	-7
10.9963	-7
10.9963	-7
10.9963	-7
10.9963	-7
10.9963	-7
10.9963	-7
10.9964	-7
10.9964	-7
10.9964	-7
10.9964	-7
10.9964	-7
10.9964	-7
10.9964	-7
10.9964	-7
10.9964	-7
10.9964	-7
10.9964	-7
10.9964	-7
10.9964	-7
10.9964	-7
10.9965	-7
10.9965	-7
10.9965	-7
10.9965	-7
10.9965	-7
10.9965	-7
10.9965	-7
10.9965	-7
10.9965	-7
10.9965	-7
10.9965	-7
10.9965	-7
10.9965	-7
10.9965	-7
10.9966	-7
10.9966	-7
10.9966	-7
10.9966	-7
10.9966	-7
10.9966	-7
10.9966	-7
10.9966	-7
10.9966	-7
10.9966	-7
10.9966	-7
10.9966	-7
10.9966	-7
10.9966	-7
10.9966	-7
10.9967	-7
10.9967	-7
10.9967	-7
10.9967	-7
10.9967	-7
10.9967	-7
10.9967	-7
10.9967	-7
10.9967	-7
10.9967	-7
10.9967	-7
10.9967	-7
10.9967	-7
10.9967	-7
10.9967	-7
10.9968	-7
10.9968	-7
10.9968	-7
10.9968	-7
10.9968	-7
10.9968	-7
10.9968	-7
10.9968	-7
10.9968	-7
10.9968	-7
10.9968	-7
10.9968	-7
10.9968	-7
10.9968	-7
10.9968	-7
10.9968	-7
10.9969	-7
10.9969	-7
10.9969	-7
10.9969	-7
10.9969	-7
10.9969	-7
10.9969	-7
10.9969	-7
10.9969	-7
10.9969	-7
10.9969	-7
10.9969	-7
10.9969	-7
10.9969	-7
10.9969	-7
10.9969	-7
10.997	-7
10.997	-7
10.997	-7
10.997	-7
10.997	-7
10.997	-7
10.997	-7
10.997	-7
10.997	-7
10.997	-7
10.997	-7
10.997	-7
10.997	-7
10.997	-7
10.997	-7
10.997	-7
10.997	-7
10.9971	-7
10.9971	-7
10.9971	-7
10.9971	-7
10.9971	-7
10.9971	-7
10.9971	-7
10.9971	-7
10.9971	-7
10.9971	-7
10.9971	-7
10.9971	-7
10.9971	-7
10.9971	-7
10.9971	-7
10.9971	-7
10.9971	-7
10.9972	-7
10.9972	-7
10.9972	-7
10.9972	-7
10.9972	-7
10.9972	-7
10.9972	-7
10.9972	-7
10.9972	-7
10.9972	-7
10.9972	-7
10.9972	-7
10.9972	-7
10.9972	-7
10.9972	-7
10.9972	-7
10.9972	-7
10.9972	-7
10.9973	-7
10.9973	-7
10.9973	-7
10.9973	-7
10.9973	-7
10.9973	-7
10.9973	-7
10.9973	-7
10.9973	-7
10.9973	-7
10.9973	-7
10.9973	-7
10.9973	-7
10.9973	-7
10.9973	-7
10.9973	-7
10.9973	-7
10.9973	-7
10.9974	-7
10.9974	-7
10.9974	-7
10.9974	-7
10.9974	-7
10.9974	-7
10.9974	-7
10.9974	-7
10.9974	-7
10.9974	-7
10.9974	-7
10.9974	-7
10.9974	-7
10.9974	-7
10.9974	-7
10.9974	-7
10.9974	-7
10.9974	-7
10.9974	-7
10.9975	-7
10.9975	-7
10.9975	-7
10.9975	-7
10.9975	-7
10.9975	-7
10.9975	-7
10.9975	-7
10.9975	-7
10.9975	-7
10.9975	-7
10.9975	-7
10.9975	-7
10.9975	-7
10.9975	-7
10.9975	-7
10.9975	-7
10.9975	-7
10.9975	-7
10.9975	-7
10.9976	-7
10.9976	-7
10.9976	-7
10.9976	-7
10.9976	-7
10.9976	-7
10.9976	-7
10.9976	-7
10.9976	-7
10.9976	-7
10.9976	-7
10.9976	-7
10.9976	-7
10.9976	-7
10.9976	-7
10.9976	-7
10.9976	-7
10.9976	-7
10.9976	-7
10.9976	-7
10.9976	-7
10.9977	-7
10.9977	-7
10.9977	-7
10.9977	-7
10.9977	-7
10.9977	-7
10.9977	-7
10.9977	-7
10.9977	-7
10.9977	-7
10.9977	-7
10.9977	-7
10.9977	-7
10.9977	-7
10.9977	-7
10.9977	-7
10.9977	-7
10.9977	-7
10.9977	-7
10.9977	-7
10.9977	-7
10.9977	-7
10.9978	-7
10.9978	-7
10.9978	-7
10.9978	-7
10.9978	-7
10.9978	-7
10.9978	-7
10.9978	-7
10.9978	-7
10.9978	-7
10.9978	-7
10.9978	-7
10.9978	-7
10.9978	-7
10.9978	-7
10.9978	-7
10.9978	-7
10.9978	-7
10.9978	-7
10.9978	-7
10.9978	-7
10.9978	-7
10.9978	-7
10.9979	-7
10.9979	-7
10.9979	-7
10.9979	-7
10.9979	-7
10.9979	-7
10.9979	-7
10.9979	-7
10.9979	-7
10.9979	-7
10.9979	-7
10.9979	-7
10.9979	-7
10.9979	-7
10.9979	-7
10.9979	-7
10.9979	-7
10.9979	-7
10.9979	-7
10.9979	-7
10.9979	-7
10.9979	-7
10.9979	-7
10.998	-7
10.998	-7
10.998	-7
10.998	-7
10.998	-7
10.998	-7
10.998	-7
10.998	-7
10.998	-7
10.998	-7
10.998	-7
10.998	-7
10.998	-7
10.998	-7
10.998	-7
10.998	-7
10.998	-7
10.998	-7
10.998	-7
10.998	-7
10.998	-7
10.998	-7
10.998	-7
10.998	-7
10.998	-7
10.9981	-7
10.9981	-7
10.9981	-7
10.9981	-7
10.9981	-7
10.9981	-7
10.9981	-7
10.9981	-7
10.9981	-7
10.9981	-7
10.9981	-7
10.9981	-7
10.9981	-7
10.9981	-7
10.9981	-7
10.9981	-7
10.9981	-7
10.9981	-7
10.9981	-7
10.9981	-7
10.9981	-7
10.9981	-7
10.9981	-7
10.9981	-7
10.9981	-7
10.9981	-7
10.9981	-7
10.9982	-7
10.9982	-7
10.9982	-7
10.9982	-7
10.9982	-7
10.9982	-7
10.9982	-7
10.9982	-7
10.9982	-7
10.9982	-7
10.9982	-7
10.9982	-7
10.9982	-7
10.9982	-7
10.9982	-7
10.9982	-7
10.9982	-7
10.9982	-7
10.9982	-7
10.9982	-7
10.9982	-7
10.9982	-7
10.9982	-7
10.9982	-7
10.9982	-7
10.9982	-7
10.9982	-7
10.9983	-7
10.9983	-7
10.9983	-7
10.9983	-7
10.9983	-7
10.9983	-7
10.9983	-7
10.9983	-7
10.9983	-7
10.9983	-7
10.9983	-7
10.9983	-7
10.9983	-7
10.9983	-7
10.9983	-7
10.9983	-7
10.9983	-7
10.9983	-7
10.9983	-7
10.9983	-7
10.9983	-7
10.9983	-7
10.9983	-7
10.9983	-7
10.9983	-7
10.9983	-7
10.9983	-7
10.9983	-7
10.9983	-7
10.9983	-7
10.9984	-7
10.9984	-7
10.9984	-7
10.9984	-7
10.9984	-7
10.9984	-7
10.9984	-7
10.9984	-7
10.9984	-7
10.9984	-7
10.9984	-7
10.9984	-7
10.9984	-7
10.9984	-7
10.9984	-7
10.9984	-7
10.9984	-7
10.9984	-7
10.9984	-7
10.9984	-7
10.9984	-7
10.9984	-7
10.9984	-7
10.9984	-7
10.9984	-7
10.9984	-7
10.9984	-7
10.9984	-7
10.9984	-7
10.9984	-7
10.9984	-7
10.9985	-7
10.9985	-7
10.9985	-7
10.9985	-7
10.9985	-7
10.9985	-7
10.9985	-7
10.9985	-7
10.9985	-7
10.9985	-7
10.9985	-7
10.9985	-7
10.9985	-7
10.9985	-7
10.9985	-7
10.9985	-7
10.9985	-7
10.9985	-7
10.9985	-7
10.9985	-7
10.9985	-7
10.9985	-7
10.9985	-7
10.9985	-7
10.9985	-7
10.9985	-7
10.9985	-7
10.9985	-7
10.9985	-7
10.9985	-7
10.9985	-7
10.9985	-7
10.9985	-7
10.9986	-7
10.9986	-7
10.9986	-7
10.9986	-7
10.9986	-7
10.9986	-7
10.9986	-7
10.9986	-7
10.9986	-7
10.9986	-7
10.9986	-7
10.9986	-7
10.9986	-7
10.9986	-7
10.9986	-7
10.9986	-7
10.9986	-7
10.9986	-7
10.9986	-7
10.9986	-7
10.9986	-7
10.9986	-7
10.9986	-7
10.9986	-7
10.9986	-7
10.9986	-7
10.9986	-7
10.9986	-7
10.9986	-7
10.9986	-7
10.9986	-7
10.9986	-7
10.9986	-7
10.9986	-7
10.9986	-7
10.9986	-7
10.9987	-7
10.9987	-7
10.9987	-7
10.9987	-7
10.9987	-7
10.9987	-7
10.9987	-7
10.9987	-7
10.9987	-7
10.9987	-7
10.9987	-7
10.9987	-7
10.9987	-7
10.9987	-7
10.9987	-7
10.9987	-7
10.9987	-7
10.9987	-7
10.9987	-7
10.9987	-7
10.9987	-7
10.9987	-7
10.9987	-7
10.9987	-7
10.9987	-7
10.9987	-7
10.9987	-7
10.9987	-7
10.9987	-7
10.9987	-7
10.9987	-7
10.9987	-7
10.9987	-7
10.9987	-7
10.9987	-7
10.9987	-7
10.9987	-7
10.9987	-7
10.9988	-7
10.9988	-7
10.9988	-7
10.9988	-7
10.9988	-7
10.9988	-7
10.9988	-7
10.9988	-7
10.9988	-7
10.9988	-7
10.9988	-7
10.9988	-7
10.9988	-7
10.9988	-7
10.9988	-7
10.9988	-7
10.9988	-7
10.9988	-7
10.9988	-7
10.9988	-7
10.9988	-7
10.9988	-7
10.9988	-7
10.9988	-7
10.9988	-7
10.9988	-7
10.9988	-7
10.9988	-7
10.9988	-7
10.9988	-7
10.9988	-7
10.9988	-7
10.9988	-7
10.9988	-7
10.9988	-7
10.9988	-7
10.9988	-7
10.9988	-7
10.9988	-7
10.9988	-7
10.9988	-7
10.9988	-7
10.9989	-7
10.9989	-7
10.9989	-7
10.9989	-7
10.9989	-7
10.9989	-7
10.9989	-7
10.9989	-7
10.9989	-7
10.9989	-7
10.9989	-7
10.9989	-7
10.9989	-7
10.9989	-7
10.9989	-7
10.9989	-7
10.9989	-7
10.9989	-7
10.9989	-7
10.9989	-7
10.9989	-7
10.9989	-7
10.9989	-7
10.9989	-7
10.9989	-7
10.9989	-7
10.9989	-7
10.9989	-7
10.9989	-7
10.9989	-7
10.9989	-7
10.9989	-7
10.9989	-7
10.9989	-7
10.9989	-7
10.9989	-7
10.9989	-7
10.9989	-7
10.9989	-7
10.9989	-7
10.9989	-7
10.9989	-7
10.9989	-7
10.9989	-7
10.9989	-7
10.9989	-7
10.999	-7
10.999	-7
10.999	-7
10.999	-7
10.999	-7
10.999	-7
10.999	-7
10.999	-7
10.999	-7
10.999	-7
10.999	-7
10.999	-7
10.999	-7
10.999	-7
10.999	-7
10.999	-7
10.999	-7
10.999	-7
10.999	-7
10.999	-7
10.999	-7
10.999	-7
10.999	-7
10.999	-7
10.999	-7
10.999	-7
10.999	-7
10.999	-7
10.999	-7
10.999	-7
10.999	-7
10.999	-7
10.999	-7
10.999	-7
10.999	-7
10.999	-7
10.999	-7
10.999	-7
10.999	-7
10.999	-7
10.999	-7
10.999	-7
10.999	-7
10.999	-7
10.999	-7
10.999	-7
10.999	-7
10.999	-7
10.999	-7
10.999	-7
10.9991	-7
10.9991	-7
10.9991	-7
10.9991	-7
10.9991	-7
10.9991	-7
10.9991	-7
10.9991	-7
10.9991	-7
10.9991	-7
10.9991	-7
10.9991	-7
10.9991	-7
10.9991	-7
10.9991	-7
10.9991	-7
10.9991	-7
10.9991	-7
10.9991	-7
10.9991	-7
10.9991	-7
10.9991	-7
10.9991	-7
10.9991	-7
10.9991	-7
10.9991	-7
10.9991	-7
10.9991	-7
10.9991	-7
10.9991	-7
10.9991	-7
10.9991	-7
10.9991	-7
10.9991	-7
10.9991	-7
10.9991	-7
10.9991	-7
10.9991	-7
10.9991	-7
10.9991	-7
10.9991	-7
10.9991	-7
10.9991	-7
10.9991	-7
10.9991	-7
10.9991	-7
10.9991	-7
10.9991	-7
10.9991	-7
10.9991	-7
10.9991	-7
10.9991	-7
10.9991	-7
10.9991	-7
10.9991	-7
10.9992	-7
10.9992	-7
10.9992	-7
10.9992	-7
10.9992	-7
10.9992	-7
10.9992	-7
10.9992	-7
10.9992	-7
10.9992	-7
10.9992	-7
10.9992	-7
10.9992	-7
10.9992	-7
10.9992	-7
10.9992	-7
10.9992	-7
10.9992	-7
10.9992	-7
10.9992	-7
10.9992	-7
10.9992	-7
10.9992	-7
10.9992	-7
10.9992	-7
10.9992	-7
10.9992	-7
10.9992	-7
10.9992	-7
10.9992	-7
10.9992	-7
10.9992	-7
10.9992	-7
10.9992	-7
10.9992	-7
10.9992	-7
10.9992	-7
10.9992	-7
10.9992	-7
10.9992	-7
10.9992	-7
10.9992	-7
10.9992	-7
10.9992	-7
10.9992	-7
10.9992	-7
10.9992	-7
10.9992	-7
10.9992	-7
10.9992	-7
10.9992	-7
10.9992	-7
10.9992	-7
10.9992	-7
10.9992	-7
10.9992	-7
10.9992	-7
10.9992	-7
10.9992	-7
10.9992	-7
10.9992	-7
10.9992	-7
10.9992	-7
10.9993	-7
10.9993	-7
10.9993	-7
10.9993	-7
10.9993	-7
10.9993	-7
10.9993	-7
10.9993	-7
10.9993	-7
10.9993	-7
10.9993	-7
10.9993	-7
10.9993	-7
10.9993	-7
10.9993	-7
10.9993	-7
10.9993	-7
10.9993	-7
10.9993	-7
10.9993	-7
10.9993	-7
10.9993	-7
10.9993	-7
10.9993	-7
10.9993	-7
10.9993	-7
10.9993	-7
10.9993	-7
10.9993	-7
10.9993	-7
10.9993	-7
10.9993	-7
10.9993	-7
10.9993	-7
10.9993	-7
10.9993	-7
10.9993	-7
10.9993	-7
10.9993	-7
10.9993	-7
10.9993	-7
10.9993	-7
10.9993	-7
10.9993	-7
10.9993	-7
10.9993	-7
10.9993	-7
10.9993	-7
10.9993	-7
10.9993	-7
10.9993	-7
10.9993	-7
10.9993	-7
10.9993	-7
10.9993	-7
10.9993	-7
10.9993	-7
10.9993	-7
10.9993	-7
10.9993	-7
10.9993	-7
10.9993	-7
10.9993	-7
10.9993	-7
10.9993	-7
10.9993	-7
10.9993	-7
10.9993	-7
10.9993	-7
10.9993	-7
10.9993	-7
10.9994	-7
10.9994	-7
10.9994	-7
10.9994	-7
10.9994	-7
10.9994	-7
10.9994	-7
10.9994	-7
10.9994	-7
10.9994	-7
10.9994	-7
10.9994	-7
10.9994	-7
10.9994	-7
10.9994	-7
10.9994	-7
10.9994	-7
10.9994	-7
10.9994	-7
10.9994	-7
10.9994	-7
10.9994	-7
10.9994	-7
10.9994	-7
10.9994	-7
10.9994	-7
10.9994	-7
10.9994	-7
10.9994	-7
10.9994	-7
10.9994	-7
10.9994	-7
10.9994	-7
10.9994	-7
10.9994	-7
10.9994	-7
10.9994	-7
10.9994	-7
10.9994	-7
10.9994	-7
10.9994	-7
10.9994	-7
10.9994	-7
10.9994	-7
10.9994	-7
10.9994	-7
10.9994	-7
10.9994	-7
10.9994	-7
10.9994	-7
10.9994	-7
10.9994	-7
10.9994	-7
10.9994	-7
10.9994	-7
10.9994	-7
10.9994	-7
10.9994	-7
10.9994	-7
10.9994	-7
10.9994	-7
10.9994	-7
10.9994	-7
10.9994	-7
10.9994	-7
10.9994	-7
10.9994	-7
10.9994	-7
10.9994	-7
10.9994	-7
10.9994	-7
10.9994	-7
10.9994	-7
10.9994	-7
10.9994	-7
10.9994	-7
10.9994	-7
10.9994	-7
10.9994	-7
10.9994	-7
10.9994	-7
10.9994	-7
10.9994	-7
10.9994	-7
10.9995	-7
10.9995	-7
10.9995	-7
10.9995	-7
10.9995	-7
10.9995	-7
10.9995	-7
10.9995	-7
10.9995	-7
10.9995	-7
10.9995	-7
10.9995	-7
10.9995	-7
10.9995	-7
10.9995	-7
10.9995	-7
10.9995	-7
10.9995	-7
10.9995	-7
10.9995	-7
10.9995	-7
10.9995	-7
10.9995	-7
10.9995	-7
10.9995	-7
10.9995	-7
10.9995	-7
10.9995	-7
10.9995	-7
10.9995	-7
10.9995	-7
10.9995	-7
10.9995	-7
10.9995	-7
10.9995	-7
10.9995	-7
10.9995	-7
10.9995	-7
10.9995	-7
10.9995	-7
10.9995	-7
10.9995	-7
10.9995	-7
10.9995	-7
10.9995	-7
10.9995	-7
10.9995	-7
10.9995	-7
10.9995	-7
10.9995	-7
10.9995	-7
10.9995	-7
10.9995	-7
10.9995	-7
10.9995	-7
10.9995	-7
10.9995	-7
10.9995	-7
10.9995	-7
10.9995	-7
10.9995	-7
10.9995	-7
10.9995	-7
10.9995	-7
10.9995	-7
10.9995	-7
10.9995	-7
10.9995	-7
10.9995	-7
10.9995	-7
10.9995	-7
10.9995	-7
10.9995	-7
10.9995	-7
10.9995	-7
10.9995	-7
10.9995	-7
10.9995	-7
10.9995	-7
10.9995	-7
10.9995	-7
10.9995	-7
10.9995	-7
10.9995	-7
10.9995	-7
10.9995	-7
10.9995	-7
10.9995	-7
10.9995	-7
10.9995	-7
10.9995	-7
10.9995	-7
10.9995	-7
10.9995	-7
10.9995	-7
10.9995	-7
10.9995	-7
10.9995	-7
10.9995	-7
10.9995	-7
10.9996	-7
10.9996	-7
10.9996	-7
10.9996	-7
10.9996	-7
10.9996	-7
10.9996	-7
10.9996	-7
10.9996	-7
10.9996	-7
10.9996	-7
10.9996	-7
10.9996	-7
10.9996	-7
10.9996	-7
10.9996	-7
10.9996	-7
10.9996	-7
10.9996	-7
10.9996	-7
10.9996	-7
10.9996	-7
10.9996	-7
10.9996	-7
10.9996	-7
10.9996	-7
10.9996	-7
10.9996	-7
10.9996	-7
10.9996	-7
10.9996	-7
10.9996	-7
10.9996	-7
10.9996	-7
10.9996	-7
10.9996	-7
10.9996	-7
10.9996	-7
10.9996	-7
10.9996	-7
10.9996	-7
10.9996	-7
10.9996	-7
10.9996	-7
10.9996	-7
10.9996	-7
10.9996	-7
10.9996	-7
10.9996	-7
10.9996	-7
10.9996	-7
10.9996	-7
10.9996	-7
10.9996	-7
10.9996	-7
10.9996	-7
10.9996	-7
10.9996	-7
10.9996	-7
10.9996	-7
10.9996	-7
10.9996	-7
10.9996	-7
10.9996	-7
10.9996	-7
10.9996	-7
10.9996	-7
10.9996	-7
10.9996	-7
10.9996	-7
10.9996	-7
10.9996	-7
10.9996	-7
10.9996	-7
10.9996	-7
10.9996	-7
10.9996	-7
10.9996	-7
10.9996	-7
10.9996	-7
10.9996	-7
10.9996	-7
10.9996	-7
10.9996	-7
10.9996	-7
10.9996	-7
10.9996	-7
10.9996	-7
10.9996	-7
10.9996	-7
10.9996	-7
10.9996	-7
10.9996	-7
10.9996	-7
10.9996	-7
10.9996	-7
10.9996	-7
10.9996	-7
10.9996	-7
10.9996	-7
10.9996	-7
10.9996	-7
10.9996	-7
10.9996	-7
10.9996	-7
10.9996	-7
10.9996	-7
10.9996	-7
10.9996	-7
10.9996	-7
10.9996	-7
10.9996	-7
10.9996	-7
10.9996	-7
10.9996	-7
10.9996	-7
10.9996	-7
10.9996	-7
10.9996	-7
10.9996	-7
10.9996	-7
10.9996	-7
10.9996	-7
10.9996	-7
10.9996	-7
10.9997	-7
10.9997	-7
10.9997	-7
10.9997	-7
10.9997	-7
10.9997	-7
10.9997	-7
10.9997	-7
10.9997	-7
10.9997	-7
10.9997	-7
10.9997	-7
10.9997	-7
10.9997	-7
10.9997	-7
10.9997	-7
10.9997	-7
10.9997	-7
10.9997	-7
10.9997	-7
10.9997	-7
10.9997	-7
10.9997	-7
10.9997	-7
10.9997	-7
10.9997	-7
10.9997	-7
10.9997	-7
10.9997	-7
10.9997	-7
10.9997	-7
10.9997	-7
10.9997	-7
10.9997	-7
10.9997	-7
10.9997	-7
10.9997	-7
10.9997	-7
10.9997	-7
10.9997	-7
10.9997	-7
10.9997	-7
10.9997	-7
10.9997	-7
10.9997	-7
10.9997	-7
10.9997	-7
10.9997	-7
10.9997	-7
10.9997	-7
10.9997	-7
10.9997	-7
10.9997	-7
10.9997	-7
10.9997	-7
10.9997	-7
10.9997	-7
10.9997	-7
10.9997	-7
10.9997	-7
10.9997	-7
10.9997	-7
10.9997	-7
10.9997	-7
10.9997	-7
10.9997	-7
10.9997	-7
10.9997	-7
10.9997	-7
10.9997	-7
10.9997	-7
10.9997	-7
10.9997	-7
10.9997	-7
10.9997	-7
10.9997	-7
10.9997	-7
10.9997	-7
10.9997	-7
10.9997	-7
10.9997	-7
10.9997	-7
10.9997	-7
10.9997	-7
10.9997	-7
10.9997	-7
10.9997	-7
10.9997	-7
10.9997	-7
10.9997	-7
10.9997	-7
10.9997	-7
10.9997	-7
10.9997	-7
10.9997	-7
10.9997	-7
10.9997	-7
10.9997	-7
10.9997	-7
10.9997	-7
10.9997	-7
10.9997	-7
10.9997	-7
10.9997	-7
10.9997	-7
10.9997	-7
10.9997	-7
10.9997	-7
10.9997	-7
10.9997	-7
10.9997	-7
10.9997	-7
10.9997	-7
10.9997	-7
10.9997	-7
10.9997	-7
10.9997	-7
10.9997	-7
10.9997	-7
10.9997	-7
10.9997	-7
10.9997	-7
10.9997	-7
10.9997	-7
10.9997	-7
10.9997	-7
10.9997	-7
10.9997	-7
10.9997	-7
10.9997	-7
10.9997	-7
10.9997	-7
10.9997	-7
10.9997	-7
10.9997	-7
10.9997	-7
10.9997	-7
10.9997	-7
10.9997	-7
10.9997	-7
10.9997	-7
10.9997	-7
10.9997	-7
10.9997	-7
10.9997	-7
10.9997	-7
10.9997	-7
10.9997	-7
10.9997	-7
10.9997	-7
10.9997	-7
10.9997	-7
10.9997	-7
10.9997	-7
10.9997	-7
10.9997	-7
10.9997	-7
10.9997	-7
10.9997	-7
10.9997	-7
10.9997	-7
10.9997	-7
10.9997	-7
10.9997	-7
10.9997	-7
10.9997	-7
10.9997	-7
10.9997	-7
10.9998	-7
10.9998	-7
10.9998	-7
10.9998	-7
10.9998	-7
10.9998	-7
10.9998	-7
10.9998	-7
10.9998	-7
10.9998	-7
10.9998	-7
10.9998	-7
10.9998	-7
10.9998	-7
10.9998	-7
10.9998	-7
10.9998	-7
10.9998	-7
10.9998	-7
10.9998	-7
10.9998	-7
10.9998	-7
10.9998	-7
10.9998	-7
10.9998	-7
10.9998	-7
10.9998	-7
10.9998	-7
10.9998	-7
10.9998	-7
10.9998	-7
10.9998	-7
10.9998	-7
10.9998	-7
10.9998	-7
10.9998	-7
10.9998	-7
10.9998	-7
10.9998	-7
10.9998	-7
10.9998	-7
10.9998	-7
10.9998	-7
10.9998	-7
10.9998	-7
10.9998	-7
10.9998	-7
10.9998	-7
10.9998	-7
10.9998	-7
10.9998	-7
10.9998	-7
10.9998	-7
10.9998	-7
10.9998	-7
10.9998	-7
10.9998	-7
10.9998	-7
10.9998	-7
10.9998	-7
10.9998	-7
10.9998	-7
10.9998	-7
10.9998	-7
10.9998	-7
10.9998	-7
10.9998	-7
10.9998	-7
10.9998	-7
10.9998	-7
10.9998	-7
10.9998	-7
10.9998	-7
10.9998	-7
10.9998	-7
10.9998	-7
10.9998	-7
10.9998	-7
10.9998	-7
10.9998	-7
10.9998	-7
10.9998	-7
10.9998	-7
10.9998	-7
10.9998	-7
10.9998	-7
10.9998	-7
10.9998	-7
10.9998	-7
10.9998	-7
10.9998	-7
10.9998	-7
10.9998	-7
10.9998	-7
10.9998	-7
10.9998	-7
10.9998	-7
10.9998	-7
10.9998	-7
10.9998	-7
10.9998	-7
10.9998	-7
10.9998	-7
10.9998	-7
10.9998	-7
10.9998	-7
10.9998	-7
10.9998	-7
10.9998	-7
10.9998	-7
10.9998	-7
10.9998	-7
10.9998	-7
10.9998	-7
10.9998	-7
10.9998	-7
10.9998	-7
10.9998	-7
10.9998	-7
10.9998	-7
10.9998	-7
10.9998	-7
10.9998	-7
10.9998	-7
10.9998	-7
10.9998	-7
10.9998	-7
10.9998	-7
10.9998	-7
10.9998	-7
10.9998	-7
10.9998	-7
10.9998	-7
10.9998	-7
10.9998	-7
10.9998	-7
10.9998	-7
10.9998	-7
10.9998	-7
10.9998	-7
10.9998	-7
10.9998	-7
10.9998	-7
10.9998	-7
10.9998	-7
10.9998	-7
10.9998	-7
10.9998	-7
10.9998	-7
10.9998	-7
10.9998	-7
10.9998	-7
10.9998	-7
10.9998	-7
10.9998	-7
10.9998	-7
10.9998	-7
10.9998	-7
10.9998	-7
10.9998	-7
10.9998	-7
10.9998	-7
10.9998	-7
10.9998	-7
10.9998	-7
10.9998	-7
10.9998	-7
10.9998	-7
10.9998	-7
10.9998	-7
10.9998	-7
10.9998	-7
10.9998	-7
10.9998	-7
10.9998	-7
10.9998	-7
10.9998	-7
10.9998	-7
10.9998	-7
10.9998	-7
10.9998	-7
10.9998	-7
10.9998	-7
10.9998	-7
10.9998	-7
10.9998	-7
10.9998	-7
10.9998	-7
10.9998	-7
10.9998	-7
10.9998	-7
10.9998	-7
10.9998	-7
10.9998	-7
10.9998	-7
10.9998	-7
10.9998	-7
10.9998	-7
10.9998	-7
10.9998	-7
10.9998	-7
10.9998	-7
10.9998	-7
10.9998	-7
10.9998	-7
10.9998	-7
10.9998	-7
10.9998	-7
10.9998	-7
10.9998	-7
10.9998	-7
10.9998	-7
10.9998	-7
10.9998	-7
10.9998	-7
10.9998	-7
10.9998	-7
10.9998	-7
10.9998	-7
10.9998	-7
10.9998	-7
10.9998	-7
10.9998	-7
10.9998	-7
10.9998	-7
10.9998	-7
10.9998	-7
10.9998	-7
10.9998	-7
10.9998	-7
10.9998	-7
10.9998	-7
10.9998	-7
10.9998	-7
10.9998	-7
10.9998	-7
10.9998	-7
10.9998	-7
10.9998	-7
10.9998	-7
10.9998	-7
10.9998	-7
10.9998	-7
10.9998	-7
10.9998	-7
10.9998	-7
10.9998	-7
10.9998	-7
10.9998	-7
10.9998	-7
10.9998	-7
10.9998	-7
10.9998	-7
10.9998	-7
10.9998	-7
10.9998	-7
10.9999	-7
10.9999	-7
10.9999	-7
10.9999	-7
10.9999	-7
10.9999	-7
10.9999	-7
10.9999	-7
10.9999	-7
10.9999	-7
10.9999	-7
10.9999	-7
10.9999	-7
10.9999	-7
10.9999	-7
10.9999	-7
10.9999	-7
10.9999	-7
10.9999	-7
10.9999	-7
10.9999	-7
10.9999	-7
10.9999	-7
10.9999	-7
10.9999	-7
10.9999	-7
10.9999	-7
10.9999	-7
10.9999	-7
10.9999	-7
10.9999	-7
10.9999	-7
10.9999	-7
10.9999	-7
10.9999	-7
10.9999	-7
10.9999	-7
10.9999	-7
10.9999	-7
10.9999	-7
10.9999	-7
10.9999	-7
10.9999	-7
10.9999	-7
10.9999	-7
10.9999	-7
10.9999	-7
10.9999	-7
10.9999	-7
10.9999	-7
10.9999	-7
10.9999	-7
10.9999	-7
10.9999	-7
10.9999	-7
10.9999	-7
10.9999	-7
10.9999	-7
10.9999	-7
10.9999	-7
10.9999	-7
10.9999	-7
10.9999	-7
10.9999	-7
10.9999	-7
10.9999	-7
10.9999	-7
10.9999	-7
10.9999	-7
10.9999	-7
10.9999	-7
10.9999	-7
10.9999	-7
10.9999	-7
10.9999	-7
10.9999	-7
10.9999	-7
10.9999	-7
10.9999	-7
10.9999	-7
10.9999	-7
10.9999	-7
10.9999	-7
10.9999	-7
10.9999	-7
10.9999	-7
10.9999	-7
10.9999	-7
10.9999	-7
10.9999	-7
10.9999	-7
10.9999	-7
10.9999	-7
10.9999	-7
10.9999	-7
10.9999	-7
10.9999	-7
10.9999	-7
10.9999	-7
10.9999	-7
10.9999	-7
10.9999	-7
10.9999	-7
10.9999	-7
10.9999	-7
10.9999	-7
10.9999	-7
10.9999	-7
10.9999	-7
10.9999	-7
10.9999	-7
10.9999	-7
10.9999	-7
10.9999	-7
10.9999	-7
10.9999	-7
10.9999	-7
10.9999	-7
10.9999	-7
10.9999	-7
10.9999	-7
10.9999	-7
10.9999	-7
10.9999	-7
10.9999	-7
10.9999	-7
10.9999	-7
10.9999	-7
10.9999	-7
10.9999	-7
10.9999	-7
10.9999	-7
10.9999	-7
10.9999	-7
10.9999	-7
10.9999	-7
10.9999	-7
10.9999	-7
10.9999	-7
10.9999	-7
10.9999	-7
10.9999	-7
10.9999	-7
10.9999	-7
10.9999	-7
10.9999	-7
10.9999	-7
10.9999	-7
10.9999	-7
10.9999	-7
10.9999	-7
10.9999	-7
10.9999	-7
10.9999	-7
10.9999	-7
10.9999	-7
10.9999	-7
10.9999	-7
10.9999	-7
10.9999	-7
10.9999	-7
10.9999	-7
10.9999	-7
10.9999	-7
10.9999	-7
10.9999	-7
10.9999	-7
10.9999	-7
10.9999	-7
10.9999	-7
10.9999	-7
10.9999	-7
10.9999	-7
10.9999	-7
10.9999	-7
10.9999	-7
10.9999	-7
10.9999	-7
10.9999	-7
10.9999	-7
10.9999	-7
10.9999	-7
10.9999	-7
10.9999	-7
10.9999	-7
10.9999	-7
10.9999	-7
10.9999	-7
10.9999	-7
10.9999	-7
10.9999	-7
10.9999	-7
10.9999	-7
10.9999	-7
10.9999	-7
10.9999	-7
10.9999	-7
10.9999	-7
10.9999	-7
10.9999	-7
10.9999	-7
10.9999	-7
10.9999	-7
10.9999	-7
10.9999	-7
10.9999	-7
10.9999	-7
10.9999	-7
10.9999	-7
10.9999	-7
10.9999	-7
10.9999	-7
10.9999	-7
10.9999	-7
10.9999	-7
10.9999	-7
10.9999	-7
10.9999	-7
10.9999	-7
10.9999	-7
10.9999	-7
10.9999	-7
10.9999	-7
10.9999	-7
10.9999	-7
10.9999	-7
10.9999	-7
10.9999	-7
10.9999	-7
10.9999	-7
10.9999	-7
10.9999	-7
10.9999	-7
10.9999	-7
10.9999	-7
10.9999	-7
10.9999	-7
10.9999	-7
10.9999	-7
10.9999	-7
10.9999	-7
10.9999	-7
10.9999	-7
10.9999	-7
10.9999	-7
10.9999	-7
10.9999	-7
10.9999	-7
10.9999	-7
10.9999	-7
10.9999	-7
10.9999	-7
10.9999	-7
10.9999	-7
10.9999	-7
10.9999	-7
10.9999	-7
10.9999	-7
10.9999	-7
10.9999	-7
10.9999	-7
10.9999	-7
10.9999	-7
10.9999	-7
10.9999	-7
10.9999	-7
10.9999	-7
10.9999	-7
10.9999	-7
10.9999	-7
10.9999	-7
10.9999	-7
10.9999	-7
10.9999	-7
10.9999	-7
10.9999	-7
10.9999	-7
10.9999	-7
10.9999	-7
10.9999	-7
10.9999	-7
10.9999	-7
10.9999	-7
10.9999	-7
10.9999	-7
10.9999	-7
10.9999	-7
10.9999	-7
10.9999	-7
10.9999	-7
10.9999	-7
10.9999	-7
10.9999	-7
10.9999	-7
10.9999	-7
10.9999	-7
10.9999	-7
10.9999	-7
10.9999	-7
10.9999	-7
10.9999	-7
10.9999	-7
10.9999	-7
10.9999	-7
10.9999	-7
10.9999	-7
10.9999	-7
10.9999	-7
10.9999	-7
10.9999	-7
10.9999	-7
10.9999	-7
10.9999	-7
10.9999	-7
10.9999	-7
10.9999	-7
10.9999	-7
10.9999	-7
10.9999	-7
10.9999	-7
10.9999	-7
10.9999	-7
10.9999	-7
10.9999	-7
10.9999	-7
10.9999	-7
10.9999	-7
10.9999	-7
10.9999	-7
10.9999	-7
10.9999	-7
10.9999	-7
10.9999	-7
10.9999	-7
10.9999	-7
10.9999	-7
10.9999	-7
10.9999	-7
10.9999	-7
10.9999	-7
10.9999	-7
10.9999	-7
10.9999	-7
10.9999	-7
10.9999	-7
10.9999	-7
10.9999	-7
10.9999	-7
10.9999	-7
10.9999	-7
10.9999	-7
10.9999	-7
10.9999	-7
10.9999	-7
10.9999	-7
10.9999	-7
10.9999	-7
10.9999	-7
10.9999	-7
10.9999	-7
10.9999	-7
10.9999	-7
10.9999	-7
10.9999	-7
10.9999	-7
10.9999	-7
10.9999	-7
10.9999	-7
10.9999	-7
10.9999	-7
10.9999	-7
10.9999	-7
10.9999	-7
10.9999	-7
10.9999	-7
10.9999	-7
10.9999	-7
10.9999	-7
10.9999	-7
10.9999	-7
10.9999	-7
10.9999	-7
10.9999	-7
10.9999	-7
10.9999	-7
10.9999	-7
10.9999	-7
10.9999	-7
10.9999	-7
10.9999	-7
10.9999	-7
10.9999	-7
10.9999	-7
10.9999	-7
10.9999	-7
10.9999	-7
10.9999	-7
10.9999	-7
10.9999	-7
10.9999	-7
10.9999	-7
10.9999	-7
10.9999	-7
10.9999	-7
10.9999	-7
10.9999	-7
10.9999	-7
10.9999	-7
10.9999	-7
10.9999	-7
10.9999	-7
10.9999	-7
10.9999	-7
10.9999	-7
10.9999	-7
10.9999	-7
10.9999	-7
10.9999	-7
10.9999	-7
10.9999	-7
10.9999	-7
10.9999	-7
10.9999	-7
10.9999	-7
10.9999	-7
10.9999	-7
10.9999	-7
10.9999	-7
10.9999	-7
10.9999	-7
10.9999	-7
10.9999	-7
10.9999	-7
10.9999	-7
10.9999	-7
10.9999	-7
10.9999	-7
10.9999	-7
10.9999	-7
10.9999	-7
10.9999	-7
10.9999	-7
10.9999	-7
10.9999	-7
10.9999	-7
10.9999	-7
10.9999	-7
10.9999	-7
10.9999	-7
10.9999	-7
10.9999	-7
10.9999	-7
10.9999	-7
10.9999	-7
10.9999	-7
10.9999	-7
10.9999	-7
10.9999	-7
10.9999	-7
10.9999	-7
10.9999	-7
10.9999	-7
10.9999	-7
10.9999	-7
10.9999	-7
10.9999	-7
10.9999	-7
10.9999	-7
10.9999	-7
10.9999	-7
10.9999	-7
10.9999	-7
10.9999	-7
10.9999	-7
10.9999	-7
10.9999	-7
10.9999	-7
10.9999	-7
10.9999	-7
10.9999	-7
10.9999	-7
10.9999	-7
10.9999	-7
10.9999	-7
10.9999	-7
10.9999	-7
10.9999	-7
10.9999	-7
10.9999	-7
10.9999	-7
10.9999	-7
10.9999	-7
10.9999	-7
10.9999	-7
10.9999	-7
10.9999	-7
10.9999	-7
10.9999	-7
10.9999	-7
10.9999	-7
10.9999	-7
10.9999	-7
10.9999	-7
10.9999	-7
10.9999	-7
10.9999	-7
10.9999	-7
10.9999	-7
10.9999	-7
10.9999	-7
10.9999	-7
10.9999	-7
10.9999	-7
10.9999	-7
10.9999	-7
10.9999	-7
10.9999	-7
10.9999	-7
10.9999	-7
10.9999	-7
10.9999	-7
10.9999	-7
10.9999	-7
10.9999	-7
10.9999	-7
10.9999	-7
10.9999	-7
10.9999	-7
10.9999	-7
10.9999	-7
10.9999	-7
10.9999	-7
10.9999	-7
10.9999	-7
10.9999	-7
10.9999	-7
10.9999	-7
10.9999	-7
10.9999	-7
10.9999	-7
10.9999	-7
10.9999	-7
10.9999	-7
10.9999	-7
10.9999	-7
10.9999	-7
10.9999	-7
10.9999	-7
11	-7
